# The following table is formatted as tab separated values. 
#GeneName	GeneId	TranscriptId	BioType	variants_impact_HIGH	variants_impact_LOW	variants_impact_MODERATE	variants_impact_MODIFIER	variants_effect_3_prime_UTR_variant	variants_effect_5_prime_UTR_premature_start_codon_gain_variant	variants_effect_5_prime_UTR_variant	variants_effect_downstream_gene_variant	variants_effect_frameshift_variant	variants_effect_intron_variant	variants_effect_missense_variant	variants_effect_non_coding_exon_variant	variants_effect_protein_protein_contact	variants_effect_sequence_feature	variants_effect_splice_acceptor_variant	variants_effect_splice_donor_variant	variants_effect_splice_region_variant	variants_effect_stop_gained	variants_effect_stop_lost	variants_effect_stop_retained_variant	variants_effect_synonymous_variant	variants_effect_upstream_gene_variant
ABHD13	ENSG00000139826	ENST00000375898	protein_coding	0	0	0	10	0	0	0	0	0	5	0	0	0	0	0	0	0	0	0	0	0	5
AC003104.1	ENSG00000236194	ENST00000436061	sense_intronic	0	0	0	5	0	0	0	0	0	0	0	0	0	0	0	0	0	0	0	0	0	5
AC008079.9	ENSG00000187979	ENST00000434390	antisense	0	0	0	4	0	0	0	0	0	4	0	0	0	0	0	0	0	0	0	0	0	0
AC008132.1	ENSG00000182824	ENST00000342888	protein_coding	0	0	0	3	0	0	0	0	0	3	0	0	0	0	0	0	0	0	0	0	0	0
AC008132.13	ENSG00000161103	ENST00000412938	processed_transcript	0	0	0	3	0	0	0	3	0	0	0	0	0	0	0	0	0	0	0	0	0	0
AC011718.2	ENSG00000223579	ENST00000414550	lincRNA	0	0	0	1	0	0	0	0	0	1	0	0	0	0	0	0	0	0	0	0	0	0
AC011718.2	ENSG00000223579	ENST00000577456	lincRNA	0	0	0	1	0	0	0	0	0	1	0	0	0	0	0	0	0	0	0	0	0	0
AC103686.1	ENSG00000211562	ENST00000390136	miRNA	0	0	0	24	0	0	0	3	0	0	0	0	0	0	0	0	0	0	0	0	0	21
ADA	ENSG00000196839	ENST00000372874	protein_coding	2	4	3	20	0	0	0	0	0	22	3	0	0	0	0	1	2	1	0	0	3	0
ADA	ENSG00000196839	ENST00000464097	processed_transcript	0	0	0	27	0	0	0	0	0	12	0	10	0	0	0	0	0	0	0	0	0	5
ADA	ENSG00000196839	ENST00000492931	processed_transcript	1	2	0	26	0	0	0	0	0	22	0	7	0	0	0	1	2	0	0	0	0	0
ADA	ENSG00000196839	ENST00000535573	processed_transcript	0	1	0	1	0	0	0	0	0	0	0	2	0	0	0	0	1	0	0	0	0	0
ADA	ENSG00000196839	ENST00000536076	processed_transcript	0	2	0	14	0	0	0	9	0	4	0	3	0	0	0	0	2	0	0	0	0	0
ADA	ENSG00000196839	ENST00000536532	nonsense_mediated_decay	3	3	1	22	1	0	0	0	0	23	1	0	0	0	0	1	2	1	1	0	2	0
ADA	ENSG00000196839	ENST00000537820	protein_coding	2	3	3	21	0	0	0	0	0	23	3	0	0	0	0	1	2	1	0	0	2	0
ADA	ENSG00000196839	ENST00000539235	nonsense_mediated_decay	2	2	1	24	4	0	0	0	0	22	1	0	0	0	0	1	2	1	0	0	1	0
ADA	ENSG00000196839	ENST00000545776	retained_intron	0	2	0	14	0	0	0	9	0	4	0	3	0	0	0	0	2	0	0	0	0	0
AK2	ENSG00000004455	ENST00000354858	protein_coding	1	10	2	22	0	1	3	9	0	5	2	0	1	9	0	0	0	0	0	0	0	5
AK2	ENSG00000004455	ENST00000373449	protein_coding	1	9	2	22	8	0	1	0	0	6	2	0	1	9	0	0	0	0	0	0	0	7
AK2	ENSG00000004455	ENST00000466029	retained_intron	0	0	0	15	0	0	0	9	0	3	0	1	0	0	0	0	0	0	0	0	0	2
AK2	ENSG00000004455	ENST00000467905	protein_coding	0	0	2	22	2	0	2	6	0	6	2	0	0	0	0	0	0	0	0	0	0	6
AK2	ENSG00000004455	ENST00000469238	retained_intron	0	0	0	15	0	0	0	9	0	2	0	2	0	0	0	0	0	0	0	0	0	2
AK2	ENSG00000004455	ENST00000480134	protein_coding	0	0	1	23	0	0	1	9	0	6	1	0	0	0	0	0	0	0	0	0	0	7
AK2	ENSG00000004455	ENST00000482191	retained_intron	0	0	0	11	0	0	0	0	0	1	0	8	0	0	0	0	0	0	0	0	0	2
AK2	ENSG00000004455	ENST00000487289	protein_coding	0	0	2	11	0	0	0	0	0	3	2	0	0	0	0	0	0	0	0	0	0	8
AK2	ENSG00000004455	ENST00000491241	processed_transcript	0	0	0	11	0	0	0	1	0	1	0	7	0	0	0	0	0	0	0	0	0	2
AK2	ENSG00000004455	ENST00000548033	protein_coding	0	0	2	22	8	0	0	0	0	6	2	0	0	0	0	0	0	0	0	0	0	8
AK2	ENSG00000004455	ENST00000548559	processed_transcript	0	0	0	13	0	0	0	2	0	11	0	0	0	0	0	0	0	0	0	0	0	0
AK2	ENSG00000004455	ENST00000550338	nonsense_mediated_decay	0	1	1	23	1	1	3	9	0	5	1	0	0	0	0	0	0	0	0	0	0	5
AK2	ENSG00000004455	ENST00000551979	retained_intron	0	0	0	13	0	0	0	2	0	2	0	2	0	0	0	0	0	0	0	0	0	7
AKR1D1P1	ENSG00000227776	ENST00000457236	processed_pseudogene	0	0	0	21	0	0	0	0	0	0	0	0	0	0	0	0	0	0	0	0	0	21
AL122127.1	ENSG00000263751	ENST00000581354	miRNA	0	0	0	18	0	0	0	18	0	0	0	0	0	0	0	0	0	0	0	0	0	0
AL122127.2	ENSG00000265517	ENST00000581918	miRNA	0	0	0	18	0	0	0	18	0	0	0	0	0	0	0	0	0	0	0	0	0	0
AL122127.3	ENSG00000265714	ENST00000580379	miRNA	0	0	0	16	0	0	0	16	0	0	0	0	0	0	0	0	0	0	0	0	0	0
AL122127.4	ENSG00000266408	ENST00000581720	miRNA	0	0	0	18	0	0	0	18	0	0	0	0	0	0	0	0	0	0	0	0	0	0
AL122127.5	ENSG00000266706	ENST00000582202	miRNA	0	0	0	18	0	0	0	18	0	0	0	0	0	0	0	0	0	0	0	0	0	0
AP000344.4	ENSG00000227755	ENST00000426024	transcribed_processed_pseudogene	0	0	0	3	0	0	0	3	0	0	0	0	0	0	0	0	0	0	0	0	0	0
AP000344.4	ENSG00000227755	ENST00000454268	processed_transcript	0	0	0	3	0	0	0	3	0	0	0	0	0	0	0	0	0	0	0	0	0	0
AP000344.4	ENSG00000227755	ENST00000457193	processed_transcript	0	0	0	3	0	0	0	3	0	0	0	0	0	0	0	0	0	0	0	0	0	0
AP000345.1	ENSG00000178248	ENST00000320372	lincRNA	0	0	0	3	0	0	0	0	0	3	0	0	0	0	0	0	0	0	0	0	0	0
AP001925.1	ENSG00000269042	ENST00000596081	protein_coding	0	0	0	15	0	0	0	11	0	0	0	0	0	0	0	0	0	0	0	0	0	4
ARHGEF39	ENSG00000137135	ENST00000343259	protein_coding	0	0	0	6	0	0	0	6	0	0	0	0	0	0	0	0	0	0	0	0	0	0
ARHGEF39	ENSG00000137135	ENST00000378387	protein_coding	0	0	0	6	0	0	0	6	0	0	0	0	0	0	0	0	0	0	0	0	0	0
ARHGEF39	ENSG00000137135	ENST00000378395	protein_coding	0	0	0	6	0	0	0	6	0	0	0	0	0	0	0	0	0	0	0	0	0	0
ARHGEF39	ENSG00000137135	ENST00000468876	processed_transcript	0	0	0	2	0	0	0	2	0	0	0	0	0	0	0	0	0	0	0	0	0	0
ARHGEF39	ENSG00000137135	ENST00000475323	nonsense_mediated_decay	0	0	0	6	0	0	0	6	0	0	0	0	0	0	0	0	0	0	0	0	0	0
ARHGEF39	ENSG00000137135	ENST00000488918	processed_transcript	0	0	0	6	0	0	0	6	0	0	0	0	0	0	0	0	0	0	0	0	0	0
ARHGEF39	ENSG00000137135	ENST00000490638	nonsense_mediated_decay	0	0	0	6	0	0	0	6	0	0	0	0	0	0	0	0	0	0	0	0	0	0
ARHGEF39	ENSG00000137135	ENST00000490970	processed_transcript	0	0	0	6	0	0	0	6	0	0	0	0	0	0	0	0	0	0	0	0	0	0
ATM	ENSG00000149311	ENST00000278616	protein_coding	10	29	41	100	3	0	1	0	0	101	41	0	0	0	2	4	9	4	0	0	24	6
ATM	ENSG00000149311	ENST00000419286	processed_transcript	0	2	0	4	0	0	0	0	0	3	0	0	0	0	0	0	2	0	0	0	0	3
ATM	ENSG00000149311	ENST00000452508	protein_coding	10	29	41	100	3	0	0	0	0	101	41	0	0	0	2	4	9	4	0	0	24	7
ATM	ENSG00000149311	ENST00000524792	retained_intron	2	2	0	110	0	0	0	0	0	62	0	48	0	0	1	1	2	0	0	0	0	4
ATM	ENSG00000149311	ENST00000525012	processed_transcript	0	0	0	26	0	0	0	11	0	0	0	2	0	0	0	0	0	0	0	0	0	13
ATM	ENSG00000149311	ENST00000525056	retained_intron	0	0	0	27	0	0	0	0	0	6	0	5	0	0	0	0	0	0	0	0	0	16
ATM	ENSG00000149311	ENST00000525178	processed_transcript	0	0	0	24	0	0	0	0	0	10	0	10	0	0	0	0	0	0	0	0	0	4
ATM	ENSG00000149311	ENST00000525537	retained_intron	0	0	0	26	0	0	0	13	0	4	0	2	0	0	0	0	0	0	0	0	0	7
ATM	ENSG00000149311	ENST00000526567	retained_intron	1	0	0	24	0	0	0	2	0	4	0	6	0	0	0	1	0	0	0	0	0	13
ATM	ENSG00000149311	ENST00000527181	retained_intron	0	0	0	17	0	0	0	0	0	6	0	10	0	0	0	0	0	0	0	0	0	1
ATM	ENSG00000149311	ENST00000527389	retained_intron	0	0	0	26	0	0	0	13	0	4	0	2	0	0	0	0	0	0	0	0	0	7
ATM	ENSG00000149311	ENST00000527805	protein_coding	5	14	14	50	0	0	3	13	0	39	14	0	0	0	1	3	7	1	0	0	9	4
ATM	ENSG00000149311	ENST00000527891	protein_coding	2	4	3	21	0	0	0	2	0	16	3	0	0	0	0	2	2	0	0	0	2	7
ATM	ENSG00000149311	ENST00000529588	nonsense_mediated_decay	1	0	1	21	2	0	0	9	0	8	1	0	0	0	0	0	0	1	0	0	0	2
ATM	ENSG00000149311	ENST00000530958	retained_intron	2	0	0	24	0	0	0	0	0	7	0	12	0	0	0	2	0	0	0	0	0	7
ATM	ENSG00000149311	ENST00000531525	protein_coding	1	1	5	22	2	0	0	6	0	11	5	0	0	0	1	0	0	0	0	0	1	4
ATM	ENSG00000149311	ENST00000531957	retained_intron	0	0	0	25	0	0	0	6	0	1	0	2	0	0	0	0	0	0	0	0	0	16
ATM	ENSG00000149311	ENST00000532765	processed_transcript	1	0	0	22	0	0	0	5	0	8	0	4	0	0	0	1	0	0	0	0	0	6
ATM	ENSG00000149311	ENST00000532931	protein_coding	1	1	3	20	0	0	0	4	0	10	3	0	0	0	0	1	0	0	0	0	1	7
ATM	ENSG00000149311	ENST00000533526	processed_transcript	0	0	0	26	0	0	0	11	0	0	0	2	0	0	0	0	0	0	0	0	0	13
ATM	ENSG00000149311	ENST00000533690	retained_intron	1	1	0	72	0	0	0	11	0	34	0	22	0	0	0	1	1	0	0	0	0	7
ATM	ENSG00000149311	ENST00000533733	retained_intron	1	0	0	22	0	0	0	7	0	6	0	6	0	0	1	0	0	0	0	0	0	4
ATM	ENSG00000149311	ENST00000533979	processed_transcript	0	0	0	29	0	0	0	0	0	8	0	4	0	0	0	0	0	0	0	0	0	17
ATM	ENSG00000149311	ENST00000534625	retained_intron	0	0	0	15	0	0	0	6	0	1	0	1	0	0	0	0	0	0	0	0	0	7
ATM	ENSG00000149311	ENST00000601453	protein_coding	2	2	3	19	0	0	0	1	0	7	3	0	0	0	0	2	0	0	0	0	2	13
BCRP2	ENSG00000169668	ENST00000461808	processed_transcript	0	0	0	5	0	0	0	0	0	3	0	0	0	0	0	0	0	0	0	0	0	2
BLNK	ENSG00000095585	ENST00000224337	protein_coding	0	21	8	39	1	1	3	0	0	22	8	0	0	17	0	0	3	0	0	0	3	13
BLNK	ENSG00000095585	ENST00000371176	protein_coding	0	7	8	39	1	1	3	0	0	22	8	0	0	3	0	0	3	0	0	0	3	13
BLNK	ENSG00000095585	ENST00000413476	protein_coding	0	18	8	39	1	1	3	0	0	22	8	0	0	14	0	0	3	0	0	0	3	13
BLNK	ENSG00000095585	ENST00000427367	protein_coding	0	4	8	39	1	1	3	0	0	22	8	0	0	0	0	0	3	0	0	0	3	13
BLNK	ENSG00000095585	ENST00000467799	nonsense_mediated_decay	0	4	3	40	3	1	3	3	0	18	3	0	0	0	0	0	2	0	0	0	2	13
BLNK	ENSG00000095585	ENST00000468252	retained_intron	0	1	0	8	0	0	0	4	0	3	0	1	0	0	0	0	1	0	0	0	0	1
BLNK	ENSG00000095585	ENST00000472763	retained_intron	0	0	0	17	0	0	0	4	0	4	0	3	0	0	0	0	0	0	0	0	0	6
BLNK	ENSG00000095585	ENST00000485193	retained_intron	0	0	0	9	0	0	0	1	0	2	0	2	0	0	0	0	0	0	0	0	0	4
BLNK	ENSG00000095585	ENST00000495266	protein_coding	0	1	1	18	0	0	0	0	0	2	1	0	0	0	0	0	1	0	0	0	1	16
BOLA2B	ENSG00000169627	ENST00000305321	protein_coding	0	0	0	20	0	0	0	20	0	0	0	0	0	0	0	0	0	0	0	0	0	0
BOLA2B	ENSG00000169627	ENST00000565525	retained_intron	0	0	0	20	0	0	0	20	0	0	0	0	0	0	0	0	0	0	0	0	0	0
BOLA2B	ENSG00000169627	ENST00000567436	protein_coding	0	0	0	20	0	0	0	20	0	0	0	0	0	0	0	0	0	0	0	0	0	0
BOLA2B	ENSG00000169627	ENST00000569282	protein_coding	0	0	0	20	0	0	0	20	0	0	0	0	0	0	0	0	0	0	0	0	0	0
BTK	ENSG00000010671	ENST00000308731	protein_coding	12	68	12	40	2	1	4	0	0	28	12	0	11	64	0	1	2	0	0	0	2	8
BTK	ENSG00000010671	ENST00000372880	protein_coding	1	4	11	41	2	1	3	0	0	29	11	0	0	0	0	1	2	0	0	0	2	9
BTK	ENSG00000010671	ENST00000464006	processed_transcript	0	0	0	14	0	0	0	7	0	1	0	3	0	0	0	0	0	0	0	0	0	3
BTK	ENSG00000010671	ENST00000464567	processed_transcript	0	0	0	28	0	0	0	7	0	3	0	7	0	0	0	0	0	0	0	0	0	11
BTK	ENSG00000010671	ENST00000470069	processed_transcript	0	0	0	15	0	0	0	3	0	0	0	2	0	0	0	0	0	0	0	0	0	10
BTK	ENSG00000010671	ENST00000470329	retained_intron	0	0	0	25	0	0	0	10	0	0	0	1	0	0	0	0	0	0	0	0	0	14
BTK	ENSG00000010671	ENST00000478995	retained_intron	0	0	0	16	0	0	0	5	0	4	0	1	0	0	0	0	0	0	0	0	0	6
BTK	ENSG00000010671	ENST00000488970	processed_transcript	0	0	0	15	0	0	0	4	0	0	0	3	0	0	0	0	0	0	0	0	0	8
C11orf65	ENSG00000166323	ENST00000524755	protein_coding	0	2	0	52	2	0	0	8	0	42	0	0	0	0	0	0	0	0	0	1	1	0
C11orf65	ENSG00000166323	ENST00000525729	protein_coding	0	0	0	84	0	0	0	9	0	75	0	0	0	0	0	0	0	0	0	0	0	0
C11orf65	ENSG00000166323	ENST00000526725	processed_transcript	0	0	0	29	0	0	0	5	0	24	0	0	0	0	0	0	0	0	0	0	0	0
C11orf65	ENSG00000166323	ENST00000527531	nonsense_mediated_decay	0	0	0	55	5	0	0	9	0	41	0	0	0	0	0	0	0	0	0	0	0	0
C11orf74	ENSG00000166352	ENST00000334307	protein_coding	0	0	0	31	0	0	0	0	0	15	0	0	0	0	0	0	0	0	0	0	0	16
C11orf74	ENSG00000166352	ENST00000347206	protein_coding	0	0	0	31	0	0	0	0	0	15	0	0	0	0	0	0	0	0	0	0	0	16
C11orf74	ENSG00000166352	ENST00000446510	protein_coding	0	0	0	31	0	0	0	0	0	15	0	0	0	0	0	0	0	0	0	0	0	16
C11orf74	ENSG00000166352	ENST00000524539	retained_intron	0	0	0	31	0	0	0	0	0	15	0	0	0	0	0	0	0	0	0	0	0	16
C11orf74	ENSG00000166352	ENST00000527108	protein_coding	0	0	0	31	0	0	0	0	0	15	0	0	0	0	0	0	0	0	0	0	0	16
C11orf74	ENSG00000166352	ENST00000528092	nonsense_mediated_decay	0	0	0	31	0	0	0	0	0	15	0	0	0	0	0	0	0	0	0	0	0	16
C11orf74	ENSG00000166352	ENST00000530697	protein_coding	0	0	0	31	0	0	0	0	0	15	0	0	0	0	0	0	0	0	0	0	0	16
C11orf74	ENSG00000166352	ENST00000531554	protein_coding	0	0	0	31	0	0	0	0	0	15	0	0	0	0	0	0	0	0	0	0	0	16
C11orf74	ENSG00000166352	ENST00000532470	protein_coding	0	0	0	31	0	0	0	0	0	15	0	0	0	0	0	0	0	0	0	0	0	16
C11orf74	ENSG00000166352	ENST00000534635	protein_coding	0	0	0	31	0	0	0	0	0	15	0	0	0	0	0	0	0	0	0	0	0	16
C9orf66	ENSG00000183784	ENST00000382387	protein_coding	0	1	0	2	2	0	0	0	0	0	0	0	0	0	0	0	0	0	0	0	1	0
CCDC107	ENSG00000159884	ENST00000327351	protein_coding	0	0	0	6	0	0	0	0	0	0	0	0	0	0	0	0	0	0	0	0	0	6
CCDC107	ENSG00000159884	ENST00000378406	protein_coding	0	0	0	6	0	0	0	0	0	0	0	0	0	0	0	0	0	0	0	0	0	6
CCDC107	ENSG00000159884	ENST00000378407	protein_coding	0	0	0	6	0	0	0	0	0	0	0	0	0	0	0	0	0	0	0	0	0	6
CCDC107	ENSG00000159884	ENST00000378409	protein_coding	0	0	0	6	0	0	0	0	0	0	0	0	0	0	0	0	0	0	0	0	0	6
CCDC107	ENSG00000159884	ENST00000421582	protein_coding	0	0	0	6	0	0	0	0	0	0	0	0	0	0	0	0	0	0	0	0	0	6
CCDC107	ENSG00000159884	ENST00000426546	protein_coding	0	0	0	6	0	0	0	0	0	0	0	0	0	0	0	0	0	0	0	0	0	6
CD247	ENSG00000198821	ENST00000362089	protein_coding	0	40	2	37	0	0	1	0	0	18	2	0	0	36	0	0	4	0	0	0	2	20
CD247	ENSG00000198821	ENST00000392122	protein_coding	0	19	2	37	0	0	1	0	0	18	2	0	0	15	0	0	4	0	0	0	2	20
CD247	ENSG00000198821	ENST00000470379	processed_transcript	0	2	0	20	0	0	0	0	0	10	0	5	0	0	0	0	2	0	0	0	0	7
CD247	ENSG00000198821	ENST00000476733	processed_transcript	0	2	0	20	0	0	0	0	0	10	0	5	0	0	0	0	2	0	0	0	0	7
CD247	ENSG00000198821	ENST00000479979	processed_transcript	0	1	0	36	0	0	0	9	0	5	0	3	0	0	0	0	1	0	0	0	0	20
CD247	ENSG00000198821	ENST00000483825	processed_transcript	0	4	0	39	0	0	0	0	0	16	0	7	0	0	0	0	4	0	0	0	0	20
CD247	ENSG00000198821	ENST00000485089	processed_transcript	0	2	0	9	0	0	0	0	0	3	0	1	0	0	0	0	2	0	0	0	0	7
CD3D	ENSG00000167286	ENST00000300692	protein_coding	0	19	4	19	0	0	0	0	0	12	4	0	0	19	0	0	0	0	0	0	0	7
CD3D	ENSG00000167286	ENST00000392884	protein_coding	0	4	3	20	0	0	0	0	0	13	3	0	0	4	0	0	0	0	0	0	0	7
CD3D	ENSG00000167286	ENST00000526561	retained_intron	0	0	0	23	0	0	0	0	0	16	0	0	0	0	0	0	0	0	0	0	0	7
CD3D	ENSG00000167286	ENST00000529594	protein_coding	0	0	1	22	0	0	0	0	0	15	1	0	0	0	0	0	0	0	0	0	0	7
CD3D	ENSG00000167286	ENST00000534687	protein_coding	0	0	3	20	0	0	0	0	0	13	3	0	0	0	0	0	0	0	0	0	0	7
CD3E	ENSG00000198851	ENST00000361763	protein_coding	1	43	4	33	2	1	7	0	0	13	4	0	0	38	0	0	1	1	0	0	4	11
CD3E	ENSG00000198851	ENST00000526146	retained_intron	0	0	0	42	0	0	0	0	0	8	0	20	0	0	0	0	0	0	0	0	0	14
CD3E	ENSG00000198851	ENST00000528435	retained_intron	0	0	0	42	0	0	0	4	0	11	0	13	0	0	0	0	0	0	0	0	0	14
CD3E	ENSG00000198851	ENST00000528600	protein_coding	1	4	3	34	2	0	2	0	0	13	3	0	0	0	0	0	0	1	0	0	4	17
CD3E	ENSG00000198851	ENST00000529713	retained_intron	0	1	0	41	0	0	0	7	0	8	0	13	0	0	0	0	1	0	0	0	0	14
CD3E	ENSG00000198851	ENST00000531913	retained_intron	0	0	0	19	0	0	0	0	0	5	0	10	0	0	0	0	0	0	0	0	0	4
CD3G	ENSG00000160654	ENST00000292144	nonsense_mediated_decay	0	4	1	39	3	0	0	0	0	18	1	0	0	0	0	0	4	0	0	0	0	21
CD3G	ENSG00000160654	ENST00000392883	protein_coding	0	5	1	39	0	1	1	0	0	20	1	0	0	0	0	0	5	0	0	0	0	21
CD3G	ENSG00000160654	ENST00000527777	retained_intron	0	2	0	41	0	0	0	10	0	6	0	6	0	0	0	0	2	0	0	0	0	21
CD3G	ENSG00000160654	ENST00000528540	processed_transcript	0	2	0	41	0	0	0	19	0	2	0	1	0	0	0	0	2	0	0	0	0	21
CD3G	ENSG00000160654	ENST00000532903	processed_transcript	0	5	0	38	0	0	0	0	0	18	0	4	0	0	0	0	5	0	0	0	0	21
CD3G	ENSG00000160654	ENST00000532917	protein_coding	1	27	4	36	0	0	0	0	0	18	3	0	0	25	0	0	5	1	0	0	0	21
CD3G	ENSG00000160654	ENST00000533462	retained_intron	0	1	0	42	0	0	0	17	0	2	0	3	0	0	0	0	1	0	0	0	0	21
CD40LG	ENSG00000102245	ENST00000370628	protein_coding	0	6	2	12	0	0	0	0	0	7	2	0	0	0	0	0	0	0	0	0	6	5
CD40LG	ENSG00000102245	ENST00000370629	protein_coding	0	24	2	12	0	0	0	0	0	7	2	0	0	18	0	0	0	0	0	0	6	5
CHD7	ENSG00000171316	ENST00000423902	protein_coding	8	84	56	54	1	1	8	0	0	52	55	0	0	55	0	2	8	6	0	0	22	2
CHD7	ENSG00000171316	ENST00000524602	protein_coding	1	18	20	115	1	1	3	0	0	108	20	0	0	12	0	0	0	1	0	0	5	3
CHD7	ENSG00000171316	ENST00000525508	protein_coding	1	33	22	19	2	0	0	3	0	10	22	0	0	22	0	0	2	1	0	0	9	6
CHD7	ENSG00000171316	ENST00000526846	protein_coding	0	1	1	29	0	1	5	18	0	1	1	0	0	0	0	0	0	0	0	0	0	5
CHD7	ENSG00000171316	ENST00000527825	nonsense_mediated_decay	0	0	0	28	1	0	0	3	0	14	0	0	0	0	0	0	0	0	0	0	0	10
CHD7	ENSG00000171316	ENST00000527900	nonsense_mediated_decay	0	1	0	30	1	0	0	1	0	4	0	0	0	0	0	0	1	0	0	0	0	25
CHD7	ENSG00000171316	ENST00000527921	processed_transcript	0	1	0	43	0	0	0	30	0	6	0	4	0	0	0	0	1	0	0	0	0	4
CHD7	ENSG00000171316	ENST00000528280	retained_intron	0	0	0	22	0	0	0	2	0	2	0	5	0	0	0	0	0	0	0	0	0	13
CHD7	ENSG00000171316	ENST00000529472	processed_transcript	0	0	0	49	0	0	0	10	0	5	0	8	0	0	0	0	0	0	0	0	0	26
CHD7	ENSG00000171316	ENST00000531695	retained_intron	0	0	0	57	0	0	0	13	0	1	0	9	0	0	0	0	0	0	0	0	0	34
CHD7	ENSG00000171316	ENST00000532149	retained_intron	0	0	0	23	0	0	0	5	0	5	0	3	0	0	0	0	0	0	0	0	0	10
CORO1A	ENSG00000102879	ENST00000219150	protein_coding	1	5	5	25	1	1	3	7	0	12	5	0	0	0	0	0	1	1	0	0	4	2
CORO1A	ENSG00000102879	ENST00000561815	protein_coding	1	3	1	30	0	0	0	24	0	5	1	0	0	0	0	0	1	1	0	0	3	1
CORO1A	ENSG00000102879	ENST00000561849	retained_intron	0	0	0	35	0	0	0	28	0	0	0	1	0	0	0	0	0	0	0	0	0	6
CORO1A	ENSG00000102879	ENST00000562129	retained_intron	0	0	0	33	0	0	0	13	0	3	0	4	0	0	0	0	0	0	0	0	0	13
CORO1A	ENSG00000102879	ENST00000563778	protein_coding	1	2	2	30	0	0	1	20	0	9	2	0	0	0	0	0	1	1	0	0	2	0
CORO1A	ENSG00000102879	ENST00000564446	processed_transcript	0	0	0	35	0	0	0	29	0	3	0	1	0	0	0	0	0	0	0	0	0	2
CORO1A	ENSG00000102879	ENST00000564768	retained_intron	0	0	0	35	0	0	0	7	0	3	0	18	0	0	0	0	0	0	0	0	0	7
CORO1A	ENSG00000102879	ENST00000565497	protein_coding	1	4	4	27	1	1	3	7	0	14	4	0	0	0	0	0	1	1	0	0	3	2
CORO1A	ENSG00000102879	ENST00000566619	processed_transcript	0	0	0	35	0	0	0	28	0	1	0	4	0	0	0	0	0	0	0	0	0	2
CORO1A	ENSG00000102879	ENST00000567034	retained_intron	0	1	0	34	0	0	0	7	0	4	0	17	0	0	0	0	1	0	0	0	0	7
CORO1A	ENSG00000102879	ENST00000568763	retained_intron	0	1	0	34	0	0	0	7	0	12	0	14	0	0	0	0	1	0	0	0	0	2
CORO1A	ENSG00000102879	ENST00000568982	retained_intron	0	1	0	34	0	0	0	24	0	2	0	7	0	0	0	0	1	0	0	0	0	2
CORO1A	ENSG00000102879	ENST00000569203	protein_coding	1	2	1	31	0	0	0	24	0	1	1	0	0	0	0	0	1	1	0	0	2	6
CORO1A	ENSG00000102879	ENST00000569469	processed_transcript	0	0	0	35	0	0	0	24	0	5	0	4	0	0	0	0	0	0	0	0	0	2
CORO1A	ENSG00000102879	ENST00000569970	protein_coding	1	2	1	31	0	0	0	24	0	1	1	0	0	0	0	0	1	1	0	0	2	6
CORO1A	ENSG00000102879	ENST00000570045	protein_coding	1	20	5	25	0	1	3	8	0	12	5	0	0	15	0	0	1	1	0	0	4	2
CORO1A	ENSG00000102879	ENST00000570244	protein_coding	1	3	2	30	0	1	3	20	0	5	2	0	0	0	0	0	1	1	0	0	2	2
CTD-2350C19.1	ENSG00000264098	ENST00000583956	antisense	0	0	0	28	0	0	0	18	0	0	0	0	0	0	0	0	0	0	0	0	0	10
CTD-2350C19.2	ENSG00000265254	ENST00000580714	antisense	0	1	0	21	0	0	0	5	0	4	0	7	0	0	0	0	1	0	0	0	0	6
CTD-2555O16.2	ENSG00000258824	ENST00000556640	antisense	0	0	0	61	0	0	0	6	0	47	0	5	0	0	0	0	0	0	0	0	0	3
CTD-2555O16.3	ENSG00000272828	ENST00000608003	lincRNA	0	0	0	3	0	0	0	0	0	0	0	0	0	0	0	0	0	0	0	0	0	3
CTD-2555O16.4	ENSG00000272909	ENST00000609125	antisense	0	0	0	26	0	0	0	8	0	0	0	8	0	0	0	0	0	0	0	0	0	10
CXorf65	ENSG00000204165	ENST00000374251	protein_coding	0	0	0	17	0	0	0	0	0	0	0	0	0	0	0	0	0	0	0	0	0	17
CXorf65	ENSG00000204165	ENST00000438526	nonsense_mediated_decay	0	0	0	17	0	0	0	0	0	0	0	0	0	0	0	0	0	0	0	0	0	17
CXorf65	ENSG00000204165	ENST00000466160	retained_intron	0	0	0	5	0	0	0	0	0	0	0	0	0	0	0	0	0	0	0	0	0	5
CXorf65	ENSG00000204165	ENST00000483257	retained_intron	0	0	0	17	0	0	0	0	0	0	0	0	0	0	0	0	0	0	0	0	0	17
DCLRE1C	ENSG00000152457	ENST00000357717	protein_coding	1	9	16	32	4	0	1	0	0	21	16	0	0	0	0	0	4	1	0	0	5	7
DCLRE1C	ENSG00000152457	ENST00000378241	protein_coding	1	0	2	23	0	0	2	2	0	13	2	0	0	0	1	0	0	0	0	0	0	7
DCLRE1C	ENSG00000152457	ENST00000378242	protein_coding	1	2	9	17	1	0	3	3	0	5	9	0	0	0	0	0	0	1	0	0	2	5
DCLRE1C	ENSG00000152457	ENST00000378246	protein_coding	2	6	16	31	4	0	1	0	0	21	16	0	0	0	1	0	1	1	0	0	5	7
DCLRE1C	ENSG00000152457	ENST00000378249	protein_coding	2	6	16	31	1	0	1	3	0	21	16	0	0	0	1	0	1	1	0	0	5	7
DCLRE1C	ENSG00000152457	ENST00000378254	protein_coding	2	6	15	32	1	0	2	3	0	21	15	0	0	0	1	0	1	1	0	0	5	7
DCLRE1C	ENSG00000152457	ENST00000378255	protein_coding	2	6	15	32	1	0	2	3	0	21	15	0	0	0	1	0	1	1	0	0	5	7
DCLRE1C	ENSG00000152457	ENST00000378258	protein_coding	2	6	15	32	1	0	2	3	0	21	15	0	0	0	1	0	1	1	0	0	5	7
DCLRE1C	ENSG00000152457	ENST00000378278	protein_coding	2	7	16	30	1	0	0	3	0	21	16	0	0	0	1	0	1	1	0	0	6	7
DCLRE1C	ENSG00000152457	ENST00000378289	protein_coding	1	6	9	39	0	0	3	0	0	34	9	0	0	0	1	0	1	0	0	0	5	4
DCLRE1C	ENSG00000152457	ENST00000396817	protein_coding	2	6	15	32	1	0	2	3	0	21	15	0	0	0	1	0	1	1	0	0	5	7
DCLRE1C	ENSG00000152457	ENST00000418843	protein_coding	1	2	2	27	0	0	2	6	0	13	2	0	0	0	1	0	0	0	0	0	2	7
DCLRE1C	ENSG00000152457	ENST00000453695	protein_coding	2	6	15	32	4	0	2	0	0	21	15	0	0	0	1	0	1	1	0	0	5	7
DCLRE1C	ENSG00000152457	ENST00000456122	protein_coding	1	0	2	23	0	0	1	6	0	10	2	0	0	0	1	0	0	0	0	0	0	7
DCLRE1C	ENSG00000152457	ENST00000489161	processed_transcript	0	1	0	12	0	0	0	4	0	4	0	2	0	0	0	0	1	0	0	0	0	3
DCLRE1C	ENSG00000152457	ENST00000489845	processed_transcript	0	0	0	16	0	0	0	11	0	3	0	2	0	0	0	0	0	0	0	0	0	0
DCLRE1C	ENSG00000152457	ENST00000492201	processed_transcript	0	1	0	28	0	0	0	9	0	8	0	12	0	0	0	0	1	0	0	0	0	0
DCLRE1CP1	ENSG00000237470	ENST00000378211	unprocessed_pseudogene	0	0	0	4	0	0	0	0	0	4	0	0	0	0	0	0	0	0	0	0	0	0
DCLRE1CP1	ENSG00000237470	ENST00000454630	unprocessed_pseudogene	0	0	0	4	0	0	0	0	0	3	0	0	0	0	0	0	0	0	0	0	0	1
DGCR5	ENSG00000237517	ENST00000399539	antisense	0	0	0	4	0	0	0	0	0	0	0	0	0	0	0	0	0	0	0	0	0	4
DGCR5	ENSG00000237517	ENST00000421572	antisense	0	0	0	4	0	0	0	0	0	4	0	0	0	0	0	0	0	0	0	0	0	0
DGCR5	ENSG00000237517	ENST00000438934	antisense	0	0	0	4	0	0	0	0	0	4	0	0	0	0	0	0	0	0	0	0	0	0
DGCR5	ENSG00000237517	ENST00000440005	antisense	0	0	0	4	0	0	0	0	0	4	0	0	0	0	0	0	0	0	0	0	0	0
DGCR6	ENSG00000183628	ENST00000331444	protein_coding	0	0	0	6	0	0	0	0	0	0	0	0	0	0	0	0	0	0	0	0	0	6
DGCR6	ENSG00000183628	ENST00000413981	protein_coding	0	0	0	6	0	0	0	0	0	0	0	0	0	0	0	0	0	0	0	0	0	6
DGCR6	ENSG00000183628	ENST00000427407	nonsense_mediated_decay	0	0	0	6	0	0	0	0	0	0	0	0	0	0	0	0	0	0	0	0	0	6
DGCR6	ENSG00000183628	ENST00000477156	retained_intron	0	0	0	6	0	0	0	0	0	0	0	0	0	0	0	0	0	0	0	0	0	6
DGCR6	ENSG00000183628	ENST00000480608	nonsense_mediated_decay	0	0	0	6	0	0	0	0	0	0	0	0	0	0	0	0	0	0	0	0	0	6
DGCR6	ENSG00000183628	ENST00000483718	nonsense_mediated_decay	0	0	0	6	0	0	0	0	0	0	0	0	0	0	0	0	0	0	0	0	0	6
DGCR6	ENSG00000183628	ENST00000608842	protein_coding	0	0	0	6	0	0	0	0	0	0	0	0	0	0	0	0	0	0	0	0	0	6
DGCR6L	ENSG00000128185	ENST00000248879	protein_coding	0	0	0	8	0	0	0	0	0	0	0	0	0	0	0	0	0	0	0	0	0	8
DGCR6L	ENSG00000128185	ENST00000405465	protein_coding	0	0	0	8	0	0	0	0	0	0	0	0	0	0	0	0	0	0	0	0	0	8
DGCR6L	ENSG00000128185	ENST00000443409	nonsense_mediated_decay	0	0	0	8	0	0	0	0	0	0	0	0	0	0	0	0	0	0	0	0	0	8
DKC1	ENSG00000130826	ENST00000369550	protein_coding	0	4	5	28	0	0	2	0	0	18	5	0	0	2	0	0	0	0	0	0	2	8
DKC1	ENSG00000130826	ENST00000412124	nonsense_mediated_decay	0	0	1	33	2	0	0	0	0	18	1	0	0	0	0	0	0	0	0	0	0	13
DKC1	ENSG00000130826	ENST00000413910	protein_coding	0	2	3	27	0	0	2	9	0	8	3	0	0	0	0	0	0	0	0	0	2	8
DKC1	ENSG00000130826	ENST00000426673	nonsense_mediated_decay	0	1	3	25	0	0	0	1	0	14	3	0	0	0	0	0	0	0	0	0	1	10
DKC1	ENSG00000130826	ENST00000437719	protein_coding	0	1	2	28	0	0	0	14	0	4	2	0	0	0	0	0	0	0	0	0	1	10
DKC1	ENSG00000130826	ENST00000452771	nonsense_mediated_decay	0	1	1	30	1	0	0	11	0	8	1	0	0	0	0	0	0	0	0	0	1	10
DKC1	ENSG00000130826	ENST00000473552	processed_transcript	0	0	0	24	0	0	0	10	0	2	0	4	0	0	0	0	0	0	0	0	0	8
DKC1	ENSG00000130826	ENST00000475423	retained_intron	0	0	0	24	0	0	0	14	0	0	0	2	0	0	0	0	0	0	0	0	0	8
DKC1	ENSG00000130826	ENST00000475966	processed_transcript	0	0	0	25	0	0	0	0	0	10	0	5	0	0	0	0	0	0	0	0	0	10
DKC1	ENSG00000130826	ENST00000481062	retained_intron	0	0	0	18	0	0	0	1	0	8	0	2	0	0	0	0	0	0	0	0	0	7
DKC1	ENSG00000130826	ENST00000484317	retained_intron	0	0	0	25	0	0	0	11	0	5	0	2	0	0	0	0	0	0	0	0	0	7
DKC1	ENSG00000130826	ENST00000492372	processed_transcript	0	0	0	11	0	0	0	0	0	1	0	0	0	0	0	0	0	0	0	0	0	10
DOCK2	ENSG00000134516	ENST00000256935	protein_coding	8	195	23	112	4	0	0	0	0	111	23	0	4	164	0	0	15	4	0	0	20	8
DOCK2	ENSG00000134516	ENST00000433448	nonsense_mediated_decay	1	0	0	21	1	0	0	12	0	8	0	0	0	0	0	0	0	1	0	0	0	0
DOCK2	ENSG00000134516	ENST00000518056	retained_intron	0	0	0	13	0	0	0	1	0	2	0	2	0	0	0	0	0	0	0	0	0	8
DOCK2	ENSG00000134516	ENST00000519223	retained_intron	0	1	0	14	0	0	0	0	0	9	0	4	0	0	0	0	1	0	0	0	0	2
DOCK2	ENSG00000134516	ENST00000519628	protein_coding	1	5	1	2	0	0	0	0	0	2	1	0	0	0	0	0	1	1	0	0	5	0
DOCK2	ENSG00000134516	ENST00000519734	processed_transcript	0	2	0	13	0	0	0	8	0	6	0	1	0	0	0	0	2	0	0	0	0	0
DOCK2	ENSG00000134516	ENST00000519868	retained_intron	0	0	0	22	0	0	0	0	0	3	0	19	0	0	0	0	0	0	0	0	0	0
DOCK2	ENSG00000134516	ENST00000520181	processed_transcript	0	1	0	11	0	0	0	0	0	5	0	7	0	0	0	0	1	0	0	0	0	0
DOCK2	ENSG00000134516	ENST00000520450	retained_intron	0	3	0	38	0	0	0	0	0	16	0	21	0	0	0	0	3	0	0	0	0	4
DOCK2	ENSG00000134516	ENST00000520836	processed_transcript	0	1	0	19	0	0	0	0	0	7	0	7	0	0	0	0	1	0	0	0	0	6
DOCK2	ENSG00000134516	ENST00000520908	protein_coding	4	23	15	80	4	0	0	0	0	72	15	0	0	0	0	0	10	4	0	0	15	12
DOCK2	ENSG00000134516	ENST00000522138	processed_transcript	0	3	0	38	0	0	0	17	0	12	0	4	0	0	0	0	3	0	0	0	0	8
DOCK2	ENSG00000134516	ENST00000522994	processed_transcript	0	1	0	10	0	0	0	0	0	10	0	1	0	0	0	0	1	0	0	0	0	0
DOCK2	ENSG00000134516	ENST00000523351	processed_transcript	0	10	0	88	0	0	0	0	0	63	0	35	0	0	0	0	10	0	0	0	0	0
DOCK2	ENSG00000134516	ENST00000523684	processed_transcript	0	2	0	13	0	0	0	0	0	11	0	4	0	0	0	0	2	0	0	0	0	0
DOCK2	ENSG00000134516	ENST00000524185	nonsense_mediated_decay	1	24	11	135	23	0	0	4	0	111	11	0	0	0	0	0	15	1	0	0	12	8
DOCK2	ENSG00000134516	ENST00000540750	protein_coding	3	20	12	90	4	2	10	0	0	72	12	0	0	0	0	0	10	3	0	0	9	12
DOCK8	ENSG00000107099	ENST00000382329	protein_coding	2	17	15	81	7	0	0	0	0	78	15	0	0	0	0	0	5	2	0	0	13	0
DOCK8	ENSG00000107099	ENST00000382331	protein_coding	1	0	3	37	0	0	2	9	0	26	3	0	0	0	0	0	0	1	0	0	0	0
DOCK8	ENSG00000107099	ENST00000382341	retained_intron	0	2	0	42	0	0	0	0	0	25	0	16	0	0	0	0	2	0	0	0	0	3
DOCK8	ENSG00000107099	ENST00000432829	protein_coding	2	22	23	115	7	0	1	0	0	109	23	0	0	0	0	0	7	2	0	0	17	3
DOCK8	ENSG00000107099	ENST00000453981	protein_coding	2	22	24	114	7	0	0	0	0	109	24	0	0	0	0	0	7	2	0	0	17	3
DOCK8	ENSG00000107099	ENST00000454469	retained_intron	0	2	0	45	0	0	0	0	0	31	0	13	0	0	0	0	2	0	0	0	0	3
DOCK8	ENSG00000107099	ENST00000462618	processed_transcript	0	0	0	13	0	0	0	0	0	12	0	1	0	0	0	0	0	0	0	0	0	0
DOCK8	ENSG00000107099	ENST00000469197	nonsense_mediated_decay	0	0	0	19	2	0	0	3	0	11	0	0	0	0	0	0	0	0	0	0	0	3
DOCK8	ENSG00000107099	ENST00000469391	protein_coding	1	64	21	115	7	1	4	0	0	106	21	0	0	41	0	0	7	1	0	0	17	3
DOCK8	ENSG00000107099	ENST00000474772	processed_transcript	0	2	0	5	0	0	0	2	0	2	0	3	0	0	0	0	2	0	0	0	0	0
DOCK8	ENSG00000107099	ENST00000478380	retained_intron	0	0	0	23	0	0	0	2	0	8	0	10	0	0	0	0	0	0	0	0	0	3
DOCK8	ENSG00000107099	ENST00000479404	protein_coding	0	1	0	18	0	0	1	1	0	13	0	0	0	0	0	0	0	0	0	0	1	3
DOCK8	ENSG00000107099	ENST00000483757	nonsense_mediated_decay	0	7	8	52	3	1	4	6	0	38	8	0	0	0	0	0	3	0	0	0	4	3
DOCK8	ENSG00000107099	ENST00000487230	protein_coding	0	2	0	15	0	1	4	0	0	8	0	0	0	0	0	0	0	0	0	0	1	3
DOCK8	ENSG00000107099	ENST00000493666	processed_transcript	0	0	0	19	0	0	0	6	0	3	0	5	0	0	0	0	0	0	0	0	0	5
DOCK8	ENSG00000107099	ENST00000495184	retained_intron	0	7	0	152	0	0	0	0	0	102	0	52	0	0	0	0	7	0	0	0	0	5
DOCK8	ENSG00000107099	ENST00000524396	nonsense_mediated_decay	0	2	0	46	13	0	0	0	0	31	0	0	0	0	0	0	2	0	0	0	0	3
FAM196B	ENSG00000204767	ENST00000377365	protein_coding	0	0	0	4	0	0	0	0	0	0	0	0	0	0	0	0	0	0	0	0	0	4
FAM196B	ENSG00000204767	ENST00000523970	processed_transcript	0	0	0	4	0	0	0	0	0	0	0	0	0	0	0	0	0	0	0	0	0	4
FAM230C	ENSG00000206142	ENST00000416615	lincRNA	0	0	0	3	0	0	0	0	0	3	0	0	0	0	0	0	0	0	0	0	0	0
FAM230C	ENSG00000206142	ENST00000436681	lincRNA	0	0	0	3	0	0	0	0	0	3	0	0	0	0	0	0	0	0	0	0	0	0
FAM230C	ENSG00000206142	ENST00000447720	lincRNA	0	0	0	3	0	0	0	0	0	3	0	0	0	0	0	0	0	0	0	0	0	0
FOXN1	ENSG00000109101	ENST00000226247	protein_coding	0	6	8	27	1	0	0	0	0	16	8	0	0	0	0	0	1	0	0	0	5	11
FOXN1	ENSG00000109101	ENST00000577936	protein_coding	0	1	3	22	0	0	0	9	0	13	3	0	0	0	0	0	0	0	0	0	1	0
FOXN1	ENSG00000109101	ENST00000579795	protein_coding	0	11	8	27	0	0	0	1	0	27	8	0	0	5	0	0	1	0	0	0	5	0
FOXO4	ENSG00000184481	ENST00000374259	protein_coding	0	0	0	3	0	0	0	3	0	0	0	0	0	0	0	0	0	0	0	0	0	0
GATA2	ENSG00000179348	ENST00000341105	protein_coding	0	5	5	25	5	0	0	0	0	11	5	0	0	0	0	0	1	0	0	0	4	10
GATA2	ENSG00000179348	ENST00000430265	protein_coding	0	6	5	15	5	1	4	0	0	7	5	0	0	0	0	0	1	0	0	0	4	0
GATA2	ENSG00000179348	ENST00000487848	protein_coding	0	7	5	17	0	1	4	5	0	7	5	0	0	1	0	0	1	0	0	0	4	2
GATA2	ENSG00000179348	ENST00000489987	processed_transcript	0	0	0	21	0	0	0	0	0	2	0	11	0	0	0	0	0	0	0	0	0	8
GATA2	ENSG00000179348	ENST00000492608	protein_coding	0	0	2	25	0	0	0	11	0	4	2	0	0	0	0	0	0	0	0	0	0	10
GATA2	ENSG00000179348	ENST00000498200	protein_coding	0	0	0	22	0	0	0	8	0	4	0	0	0	0	0	0	0	0	0	0	0	10
GNB1L	ENSG00000185838	ENST00000329517	protein_coding	0	0	0	5	0	0	0	5	0	0	0	0	0	0	0	0	0	0	0	0	0	0
HIC2	ENSG00000169635	ENST00000407464	protein_coding	0	0	0	2	0	0	0	0	0	2	0	0	0	0	0	0	0	0	0	0	0	0
HIC2	ENSG00000169635	ENST00000407598	protein_coding	0	0	0	2	0	0	0	0	0	2	0	0	0	0	0	0	0	0	0	0	0	0
HIC2	ENSG00000169635	ENST00000443632	protein_coding	0	0	0	2	0	0	0	0	0	2	0	0	0	0	0	0	0	0	0	0	0	0
IGHM	ENSG00000211899	ENST00000390559	IG_C_gene	1	5	6	6	0	0	0	0	0	4	6	0	0	0	0	0	0	1	0	0	5	2
IL2RG	ENSG00000147168	ENST00000276110	retained_intron	0	0	0	17	0	0	0	0	0	6	0	10	0	0	0	0	0	0	0	0	0	1
IL2RG	ENSG00000147168	ENST00000374188	protein_coding	0	1	0	16	0	0	0	0	0	4	0	0	0	0	0	0	0	0	0	0	1	12
IL2RG	ENSG00000147168	ENST00000374202	protein_coding	0	33	4	10	0	0	1	0	0	9	4	0	0	30	0	0	0	0	0	0	3	0
IL2RG	ENSG00000147168	ENST00000456850	protein_coding	0	4	0	16	0	0	0	0	0	15	0	0	0	3	0	0	0	0	0	0	1	1
IL2RG	ENSG00000147168	ENST00000464642	protein_coding	0	2	4	11	0	0	0	3	0	8	4	0	0	0	0	0	0	0	0	0	2	0
IL2RG	ENSG00000147168	ENST00000473378	protein_coding	0	0	2	15	0	0	0	10	0	4	2	0	0	0	0	0	0	0	0	0	0	1
IL2RG	ENSG00000147168	ENST00000482750	protein_coding	0	0	0	17	1	0	0	0	0	5	0	0	0	0	0	0	0	0	0	0	0	11
IL2RG	ENSG00000147168	ENST00000487883	protein_coding	0	2	5	10	0	0	3	6	0	1	5	0	0	0	0	0	0	0	0	0	2	0
IL2RG	ENSG00000147168	ENST00000512747	retained_intron	0	0	0	17	0	0	0	0	0	11	0	6	0	0	0	0	0	0	0	0	0	0
IL7R	ENSG00000168685	ENST00000303115	protein_coding	0	2	5	32	0	0	0	0	0	27	5	0	0	0	0	0	0	0	0	0	2	5
IL7R	ENSG00000168685	ENST00000343305	protein_coding	0	1	3	35	0	0	0	0	0	30	3	0	0	0	0	0	0	0	0	0	1	5
IL7R	ENSG00000168685	ENST00000505093	protein_coding	0	0	0	18	0	0	0	0	0	16	0	0	0	0	0	0	0	0	0	0	0	2
IL7R	ENSG00000168685	ENST00000505875	protein_coding	0	1	0	17	0	0	0	0	0	3	0	0	0	0	0	0	0	0	0	0	1	14
IL7R	ENSG00000168685	ENST00000506850	protein_coding	0	1	3	35	1	0	0	2	0	27	3	0	0	0	0	0	0	0	0	0	1	5
IL7R	ENSG00000168685	ENST00000508941	protein_coding	0	0	1	16	0	0	1	4	0	11	1	0	0	0	0	0	0	0	0	0	0	0
IL7R	ENSG00000168685	ENST00000509668	retained_intron	0	0	0	18	0	0	0	3	0	10	0	3	0	0	0	0	0	0	0	0	0	2
IL7R	ENSG00000168685	ENST00000511031	processed_transcript	0	0	0	23	0	0	0	6	0	16	0	1	0	0	0	0	0	0	0	0	0	0
IL7R	ENSG00000168685	ENST00000511982	protein_coding	1	1	3	18	1	0	0	2	0	10	3	0	0	0	0	0	0	1	0	0	1	5
IL7R	ENSG00000168685	ENST00000514217	nonsense_mediated_decay	0	1	3	35	0	0	0	0	0	30	3	0	0	0	0	0	0	0	0	0	1	5
IL7R	ENSG00000168685	ENST00000515665	protein_coding	0	0	1	16	0	0	1	4	0	7	1	0	0	0	0	0	0	0	0	0	0	4
JAK3	ENSG00000105639	ENST00000458235	protein_coding	18	16	14	57	2	0	0	0	1	51	14	0	16	0	0	0	6	1	0	0	11	9
JAK3	ENSG00000105639	ENST00000526008	processed_transcript	0	0	0	65	0	0	0	24	0	23	0	9	0	0	0	0	0	0	0	0	0	9
JAK3	ENSG00000105639	ENST00000527031	retained_intron	0	2	0	87	0	0	0	0	0	69	0	11	0	0	0	0	2	0	0	0	0	9
JAK3	ENSG00000105639	ENST00000527670	protein_coding	18	101	14	57	2	0	0	0	1	50	14	0	16	85	0	0	6	1	0	0	11	10
JAK3	ENSG00000105639	ENST00000528293	retained_intron	0	0	0	47	0	0	0	30	0	4	0	4	0	0	0	0	0	0	0	0	0	9
JAK3	ENSG00000105639	ENST00000528705	retained_intron	0	0	0	56	0	0	0	30	0	14	0	4	0	0	0	0	0	0	0	0	0	8
JAK3	ENSG00000105639	ENST00000534444	protein_coding	3	79	12	61	0	0	0	7	1	49	12	0	1	65	0	0	5	1	0	0	10	9
KB-1592A4.15	ENSG00000197210	ENST00000420508	lincRNA	0	0	0	3	0	0	0	3	0	0	0	0	0	0	0	0	0	0	0	0	0	0
LIG4	ENSG00000174405	ENST00000356922	protein_coding	10	3	14	14	3	0	3	0	0	0	14	0	9	0	0	0	0	1	0	0	3	8
LIG4	ENSG00000174405	ENST00000405925	protein_coding	10	4	14	14	3	1	3	0	0	3	14	0	9	0	0	0	0	1	0	0	3	5
LIG4	ENSG00000174405	ENST00000442234	protein_coding	10	22	14	14	3	0	1	0	0	2	14	0	9	19	0	0	0	1	0	0	3	8
LINC00892	ENSG00000233093	ENST00000427517	retained_intron	0	0	0	1	0	0	0	1	0	0	0	0	0	0	0	0	0	0	0	0	0	0
LINC00892	ENSG00000233093	ENST00000429841	antisense	0	0	0	1	0	0	0	1	0	0	0	0	0	0	0	0	0	0	0	0	0	0
LINC00892	ENSG00000233093	ENST00000454385	antisense	0	0	0	1	0	0	0	1	0	0	0	0	0	0	0	0	0	0	0	0	0	0
MCM4	ENSG00000104738	ENST00000262105	protein_coding	0	0	1	19	0	0	0	0	0	1	1	0	0	0	0	0	0	0	0	0	0	18
MCM4	ENSG00000104738	ENST00000518221	protein_coding	0	1	1	19	0	0	7	0	0	7	1	0	0	0	0	0	1	0	0	0	0	5
MCM4	ENSG00000104738	ENST00000519138	retained_intron	0	0	0	20	0	0	0	0	0	0	0	0	0	0	0	0	0	0	0	0	0	20
MCM4	ENSG00000104738	ENST00000519170	protein_coding	0	0	0	20	0	0	0	0	0	0	0	0	0	0	0	0	0	0	0	0	0	20
MCM4	ENSG00000104738	ENST00000520637	protein_coding	0	0	0	16	0	0	0	0	0	0	0	0	0	0	0	0	0	0	0	0	0	16
MCM4	ENSG00000104738	ENST00000520934	retained_intron	0	0	0	20	0	0	0	0	0	0	0	2	0	0	0	0	0	0	0	0	0	18
MCM4	ENSG00000104738	ENST00000520994	retained_intron	0	0	0	20	0	0	0	0	0	0	0	2	0	0	0	0	0	0	0	0	0	18
MCM4	ENSG00000104738	ENST00000523944	protein_coding	0	0	1	19	0	0	0	0	0	1	1	0	0	0	0	0	0	0	0	0	0	18
MCM4	ENSG00000104738	ENST00000524086	nonsense_mediated_decay	0	0	1	19	0	0	0	0	0	1	1	0	0	0	0	0	0	0	0	0	0	18
MEIG1	ENSG00000197889	ENST00000407572	protein_coding	0	0	0	4	0	0	0	0	0	0	0	0	0	0	0	0	0	0	0	0	0	4
MEIG1	ENSG00000197889	ENST00000477770	processed_transcript	0	0	0	4	0	0	0	0	0	0	0	0	0	0	0	0	0	0	0	0	0	4
MEIG1	ENSG00000197889	ENST00000496225	processed_transcript	0	0	0	3	0	0	0	0	0	0	0	0	0	0	0	0	0	0	0	0	0	3
MPP1	ENSG00000130830	ENST00000369534	protein_coding	0	0	0	3	0	0	0	3	0	0	0	0	0	0	0	0	0	0	0	0	0	0
MPP1	ENSG00000130830	ENST00000393531	protein_coding	0	0	0	3	0	0	0	3	0	0	0	0	0	0	0	0	0	0	0	0	0	0
MPP1	ENSG00000130830	ENST00000413259	protein_coding	0	0	0	3	0	0	0	3	0	0	0	0	0	0	0	0	0	0	0	0	0	0
MPP1	ENSG00000130830	ENST00000439370	nonsense_mediated_decay	0	0	0	3	0	0	0	3	0	0	0	0	0	0	0	0	0	0	0	0	0	0
MPP1	ENSG00000130830	ENST00000482757	retained_intron	0	0	0	3	0	0	0	3	0	0	0	0	0	0	0	0	0	0	0	0	0	0
MPP1	ENSG00000130830	ENST00000491955	retained_intron	0	0	0	3	0	0	0	3	0	0	0	0	0	0	0	0	0	0	0	0	0	0
MTHFD1	ENSG00000100714	ENST00000216605	protein_coding	2	18	17	50	0	0	0	0	0	50	17	0	0	0	1	0	5	1	0	0	14	5
MTHFD1	ENSG00000100714	ENST00000545908	protein_coding	2	18	18	49	0	0	0	0	0	50	18	0	0	0	1	0	5	1	0	0	14	4
MTHFD1	ENSG00000100714	ENST00000553391	processed_transcript	0	0	0	24	0	0	0	10	0	7	0	4	0	0	0	0	0	0	0	0	0	3
MTHFD1	ENSG00000100714	ENST00000553405	retained_intron	1	1	0	42	0	0	0	12	0	16	0	11	0	0	1	0	1	0	0	0	0	5
MTHFD1	ENSG00000100714	ENST00000554057	processed_transcript	0	0	0	25	0	0	0	5	0	8	0	5	0	0	0	0	0	0	0	0	0	7
MTHFD1	ENSG00000100714	ENST00000554353	retained_intron	0	0	0	13	0	0	0	0	0	3	0	0	0	0	0	0	0	0	0	0	0	10
MTHFD1	ENSG00000100714	ENST00000554677	retained_intron	0	1	0	35	0	0	0	16	0	7	0	6	0	0	0	0	1	0	0	0	0	7
MTHFD1	ENSG00000100714	ENST00000554739	protein_coding	0	1	0	18	0	0	3	9	0	2	0	0	0	0	0	0	0	0	0	0	1	4
MTHFD1	ENSG00000100714	ENST00000554768	protein_coding	0	1	0	18	0	0	3	9	0	2	0	0	0	0	0	0	0	0	0	0	1	4
MTHFD1	ENSG00000100714	ENST00000555252	retained_intron	0	2	0	64	0	0	0	18	0	27	0	17	0	0	0	0	2	0	0	0	0	4
MTHFD1	ENSG00000100714	ENST00000555709	protein_coding	0	3	4	12	0	0	0	6	0	2	4	0	0	0	0	0	0	0	0	0	3	4
MTHFD1	ENSG00000100714	ENST00000555858	retained_intron	0	0	0	28	0	0	0	18	0	1	0	2	0	0	0	0	0	0	0	0	0	7
MTHFD1	ENSG00000100714	ENST00000556284	processed_transcript	0	2	0	23	0	0	0	0	0	8	0	8	0	0	0	0	2	0	0	0	0	9
MTHFD1	ENSG00000100714	ENST00000556771	retained_intron	1	0	0	33	0	0	0	8	0	6	0	13	0	0	1	0	0	0	0	0	0	7
MTHFD1	ENSG00000100714	ENST00000557370	protein_coding	1	5	2	17	1	0	0	3	0	5	2	0	0	0	0	0	2	1	0	0	4	9
MTHFD1	ENSG00000100714	ENST00000557539	protein_coding	0	1	1	17	0	0	2	8	0	2	1	0	0	0	0	0	0	0	0	0	1	5
MTR	ENSG00000116984	ENST00000366576	protein_coding	1	6	14	55	3	0	0	0	0	51	14	0	0	0	0	1	2	0	0	0	4	4
MTR	ENSG00000116984	ENST00000366577	protein_coding	10	148	27	88	3	0	1	0	0	81	21	0	8	140	0	2	4	0	0	0	10	9
MTR	ENSG00000116984	ENST00000418145	protein_coding	0	1	2	29	0	0	0	0	0	20	2	0	0	0	0	0	0	0	0	0	1	9
MTR	ENSG00000116984	ENST00000463959	processed_transcript	1	3	0	72	0	0	0	3	0	46	0	17	0	0	0	1	3	0	0	0	0	10
MTR	ENSG00000116984	ENST00000470570	processed_transcript	0	0	0	19	0	0	0	0	0	1	0	15	0	0	0	0	0	0	0	0	0	3
MTR	ENSG00000116984	ENST00000535889	protein_coding	7	138	25	91	3	0	0	0	0	84	19	0	5	131	0	2	4	0	0	0	9	10
NBN	ENSG00000104320	ENST00000265433	protein_coding	3	40	10	25	0	0	3	0	0	23	10	0	0	33	0	2	3	1	0	0	5	3
NBN	ENSG00000104320	ENST00000396252	nonsense_mediated_decay	2	3	1	40	15	0	3	0	0	26	1	0	0	0	0	2	3	0	0	0	0	0
NBN	ENSG00000104320	ENST00000409330	protein_coding	3	8	9	26	0	1	1	0	0	23	9	0	0	0	0	2	3	1	0	0	5	6
NBN	ENSG00000104320	ENST00000474821	retained_intron	0	0	0	2	0	0	0	0	0	2	0	0	0	0	0	0	0	0	0	0	0	0
NBN	ENSG00000104320	ENST00000494804	retained_intron	0	1	0	20	0	0	0	10	0	3	0	4	0	0	0	0	1	0	0	0	0	4
NBN	ENSG00000104320	ENST00000517337	protein_coding	1	2	2	17	0	1	1	1	0	11	2	0	0	0	0	1	1	0	0	0	0	6
NBN	ENSG00000104320	ENST00000517772	protein_coding	1	1	5	21	0	0	0	1	0	10	5	0	0	0	0	1	0	0	0	0	1	11
NBN	ENSG00000104320	ENST00000519426	protein_coding	2	2	3	21	0	0	1	1	0	17	3	0	0	0	0	2	1	0	0	0	1	5
NBN	ENSG00000104320	ENST00000520325	retained_intron	0	1	0	2	0	0	0	0	0	1	0	1	0	0	0	0	1	0	0	0	0	1
NBN	ENSG00000104320	ENST00000523444	nonsense_mediated_decay	1	1	1	18	2	0	1	1	0	11	1	0	0	0	0	1	1	0	0	0	0	5
NHEJ1	ENSG00000187736	ENST00000356853	protein_coding	1	26	8	23	5	0	0	0	0	10	8	0	0	22	0	1	1	0	0	0	3	10
NHEJ1	ENSG00000187736	ENST00000409720	protein_coding	1	27	9	21	3	0	0	0	0	9	9	0	0	22	0	1	1	0	0	0	4	11
NHEJ1	ENSG00000187736	ENST00000418099	nonsense_mediated_decay	1	3	8	24	6	0	0	0	0	10	8	0	0	0	0	1	1	0	0	0	2	10
NHEJ1	ENSG00000187736	ENST00000426304	protein_coding	1	3	4	28	2	0	0	3	0	7	4	0	0	0	0	1	1	0	0	0	2	18
NHEJ1	ENSG00000187736	ENST00000450447	nonsense_mediated_decay	0	1	2	25	3	0	0	3	0	9	2	0	0	0	0	0	0	0	0	0	1	10
NHEJ1	ENSG00000187736	ENST00000457600	protein_coding	1	3	8	24	0	0	0	7	0	9	8	0	0	0	0	1	1	0	0	0	2	10
NHEJ1	ENSG00000187736	ENST00000481764	processed_transcript	0	0	0	21	0	0	0	11	0	0	0	0	0	0	0	0	0	0	0	0	0	10
NHEJ1	ENSG00000187736	ENST00000483627	processed_transcript	0	0	0	8	0	0	0	5	0	2	0	1	0	0	0	0	0	0	0	0	0	0
NHEJ1	ENSG00000187736	ENST00000491159	processed_transcript	0	0	0	8	0	0	0	3	0	2	0	3	0	0	0	0	0	0	0	0	0	0
NHEJ1	ENSG00000187736	ENST00000494211	processed_transcript	0	0	0	8	0	0	0	3	0	2	0	3	0	0	0	0	0	0	0	0	0	0
NPAT	ENSG00000149308	ENST00000278612	protein_coding	0	14	1	13	0	0	1	0	0	4	1	0	0	14	0	0	0	0	0	0	0	8
NPAT	ENSG00000149308	ENST00000531384	nonsense_mediated_decay	0	0	1	12	0	0	1	0	0	4	1	0	0	0	0	0	0	0	0	0	0	7
NPAT	ENSG00000149308	ENST00000610253	processed_transcript	0	0	0	14	0	0	0	0	0	4	0	2	0	0	0	0	0	0	0	0	0	8
NPM1P25	ENSG00000229417	ENST00000429734	processed_pseudogene	0	0	0	4	0	0	0	0	0	0	0	0	0	0	0	0	0	0	0	0	0	4
PKIG	ENSG00000168734	ENST00000349959	protein_coding	0	0	0	15	0	0	0	15	0	0	0	0	0	0	0	0	0	0	0	0	0	0
PKIG	ENSG00000168734	ENST00000372882	protein_coding	0	0	0	22	0	0	0	7	0	15	0	0	0	0	0	0	0	0	0	0	0	0
PKIG	ENSG00000168734	ENST00000372886	protein_coding	0	0	0	15	0	0	0	15	0	0	0	0	0	0	0	0	0	0	0	0	0	0
PKIG	ENSG00000168734	ENST00000372887	protein_coding	0	0	0	26	1	0	0	10	0	15	0	0	0	0	0	0	0	0	0	0	0	0
PKIG	ENSG00000168734	ENST00000372889	protein_coding	0	0	0	15	0	0	0	15	0	0	0	0	0	0	0	0	0	0	0	0	0	0
PKIG	ENSG00000168734	ENST00000372891	protein_coding	0	0	0	15	0	0	0	15	0	0	0	0	0	0	0	0	0	0	0	0	0	0
PKIG	ENSG00000168734	ENST00000372892	protein_coding	0	0	0	15	0	0	0	15	0	0	0	0	0	0	0	0	0	0	0	0	0	0
PKIG	ENSG00000168734	ENST00000372894	protein_coding	0	0	0	15	0	0	0	15	0	0	0	0	0	0	0	0	0	0	0	0	0	0
PNP	ENSG00000198805	ENST00000361505	protein_coding	66	14	5	18	1	0	1	0	0	9	5	0	65	12	0	0	0	1	0	0	2	7
PNP	ENSG00000198805	ENST00000553418	protein_coding	0	0	1	25	0	0	1	15	0	5	1	0	0	0	0	0	0	0	0	0	0	4
PNP	ENSG00000198805	ENST00000553591	protein_coding	1	2	4	19	0	0	0	6	0	5	4	0	0	0	0	0	0	1	0	0	2	8
PNP	ENSG00000198805	ENST00000554056	retained_intron	0	0	0	26	0	0	0	0	0	7	0	12	0	0	0	0	0	0	0	0	0	7
PNP	ENSG00000198805	ENST00000554065	protein_coding	0	1	1	24	0	0	1	11	0	4	1	0	0	0	0	0	0	0	0	0	1	8
PNP	ENSG00000198805	ENST00000556293	retained_intron	0	0	0	26	0	0	0	15	0	0	0	4	0	0	0	0	0	0	0	0	0	7
PNP	ENSG00000198805	ENST00000556754	retained_intron	0	0	0	26	0	0	0	0	0	4	0	11	0	0	0	0	0	0	0	0	0	11
PNP	ENSG00000198805	ENST00000557229	retained_intron	0	0	0	26	0	0	0	6	0	2	0	11	0	0	0	0	0	0	0	0	0	7
POU2F1	ENSG00000143190	ENST00000271411	nonsense_mediated_decay	0	0	0	3	0	0	0	3	0	0	0	0	0	0	0	0	0	0	0	0	0	0
POU2F1	ENSG00000143190	ENST00000367862	protein_coding	0	0	0	3	0	0	0	3	0	0	0	0	0	0	0	0	0	0	0	0	0	0
POU2F1	ENSG00000143190	ENST00000367865	processed_transcript	0	0	0	3	0	0	0	3	0	0	0	0	0	0	0	0	0	0	0	0	0	0
POU2F1	ENSG00000143190	ENST00000367866	protein_coding	0	0	0	3	0	0	0	3	0	0	0	0	0	0	0	0	0	0	0	0	0	0
PRKDC	ENSG00000253729	ENST00000314191	protein_coding	10	41	83	135	0	0	0	0	0	135	83	0	0	0	2	3	11	5	0	0	31	15
PRKDC	ENSG00000253729	ENST00000338368	protein_coding	10	40	82	137	0	0	0	0	0	137	82	0	0	0	2	3	11	5	0	0	30	15
PRKDC	ENSG00000253729	ENST00000432581	retained_intron	0	0	0	34	0	0	0	21	0	4	0	2	0	0	0	0	0	0	0	0	0	7
PRKDC	ENSG00000253729	ENST00000518216	processed_transcript	5	11	0	253	0	0	0	0	0	137	0	117	0	0	2	3	11	0	0	0	0	15
PRKDC	ENSG00000253729	ENST00000521331	retained_intron	1	0	0	35	0	0	0	13	0	3	0	13	0	0	1	0	0	0	0	0	0	7
PRKDC	ENSG00000253729	ENST00000523565	processed_transcript	5	11	0	253	0	0	0	0	0	135	0	119	0	0	2	3	11	0	0	0	0	15
PRKDC	ENSG00000253729	ENST00000535375	retained_intron	0	0	0	19	0	0	0	9	0	3	0	3	0	0	0	0	0	0	0	0	0	4
PRKDC	ENSG00000253729	ENST00000536429	protein_coding	0	1	1	27	1	0	0	0	0	11	1	0	0	0	0	0	0	0	0	0	1	15
PRKDC	ENSG00000253729	ENST00000536483	retained_intron	0	0	0	31	0	0	0	0	0	6	0	11	0	0	0	0	0	0	0	0	0	14
PRKDC	ENSG00000253729	ENST00000536710	retained_intron	1	0	0	34	0	0	0	14	0	2	0	10	0	0	1	0	0	0	0	0	0	9
PRKDC	ENSG00000253729	ENST00000540819	protein_coding	0	1	1	23	0	0	0	5	0	3	1	0	0	0	0	0	1	0	0	0	0	16
PRKDC	ENSG00000253729	ENST00000541488	retained_intron	0	0	0	25	0	0	0	0	0	3	0	7	0	0	0	0	0	0	0	0	0	15
PRKDC	ENSG00000253729	ENST00000546304	retained_intron	0	0	0	25	0	0	0	20	0	4	0	1	0	0	0	0	0	0	0	0	0	0
PTPRC	ENSG00000081237	ENST00000348564	protein_coding	4	22	27	76	0	1	3	0	1	71	27	0	0	0	0	3	6	0	0	0	17	9
PTPRC	ENSG00000081237	ENST00000352140	protein_coding	4	25	32	68	0	1	5	0	1	63	32	0	0	0	0	3	6	0	0	0	20	7
PTPRC	ENSG00000081237	ENST00000367364	protein_coding	0	1	0	28	0	1	3	15	0	1	0	0	0	0	0	0	0	0	0	0	0	9
PTPRC	ENSG00000081237	ENST00000367367	protein_coding	1	16	24	58	0	1	3	2	0	47	24	0	0	0	0	1	3	0	0	0	13	9
PTPRC	ENSG00000081237	ENST00000367376	protein_coding	4	27	35	63	0	1	5	0	1	58	35	0	0	0	0	3	6	0	0	0	22	7
PTPRC	ENSG00000081237	ENST00000367379	protein_coding	0	2	4	51	0	1	2	3	0	43	4	0	0	0	0	0	0	0	0	0	1	3
PTPRC	ENSG00000081237	ENST00000391970	processed_transcript	0	0	0	53	0	0	0	10	0	21	0	10	0	0	0	0	0	0	0	0	0	12
PTPRC	ENSG00000081237	ENST00000413409	protein_coding	0	2	1	33	4	1	3	14	0	3	1	0	0	0	0	0	0	0	0	0	1	9
PTPRC	ENSG00000081237	ENST00000418674	protein_coding	0	3	3	45	0	1	2	21	0	12	3	0	0	0	0	0	0	0	0	0	2	10
PTPRC	ENSG00000081237	ENST00000427110	processed_transcript	0	0	0	53	0	0	0	10	0	26	0	5	0	0	0	0	0	0	0	0	0	12
PTPRC	ENSG00000081237	ENST00000442510	protein_coding	4	27	35	63	0	1	4	0	1	58	35	0	0	0	0	3	6	0	0	0	22	8
PTPRC	ENSG00000081237	ENST00000462363	retained_intron	0	0	0	53	0	0	0	6	0	26	0	13	0	0	0	0	0	0	0	0	0	8
PTPRC	ENSG00000081237	ENST00000484135	retained_intron	0	0	0	37	0	0	0	15	0	1	0	7	0	0	0	0	0	0	0	0	0	14
PTPRC	ENSG00000081237	ENST00000491302	retained_intron	1	0	0	16	0	0	0	0	0	6	0	9	0	0	0	1	0	0	0	0	0	2
PTPRC	ENSG00000081237	ENST00000529828	non_stop_decay	1	16	23	59	0	1	3	2	0	48	23	0	0	0	0	1	3	0	0	0	13	9
PTPRC	ENSG00000081237	ENST00000530727	protein_coding	1	10	17	71	0	1	5	12	0	49	17	0	0	0	0	1	2	0	0	0	8	7
PTPRC	ENSG00000081237	ENST00000594404	protein_coding	4	22	27	76	0	1	5	0	1	71	27	0	0	0	0	3	6	0	0	0	17	7
PTPRC	ENSG00000081237	ENST00000598951	protein_coding	0	1	0	28	0	1	5	15	0	1	0	0	0	0	0	0	0	0	0	0	0	7
RAC2	ENSG00000128340	ENST00000249071	protein_coding	1	9	3	17	0	0	0	0	0	14	3	0	0	6	0	0	0	1	0	0	3	3
RAC2	ENSG00000128340	ENST00000401529	protein_coding	1	1	1	4	0	0	0	0	0	1	1	0	0	0	0	0	0	1	0	0	1	3
RAC2	ENSG00000128340	ENST00000405484	protein_coding	1	4	2	17	0	0	1	3	0	12	2	0	0	0	0	0	1	1	0	0	3	2
RAC2	ENSG00000128340	ENST00000406508	protein_coding	0	2	2	20	0	0	3	0	0	15	2	0	0	0	0	0	0	0	0	0	2	2
RAC2	ENSG00000128340	ENST00000441619	protein_coding	1	3	2	18	0	0	1	4	0	11	2	0	0	0	0	0	0	1	0	0	3	2
RAC2	ENSG00000128340	ENST00000469532	retained_intron	0	0	0	13	0	0	0	5	0	1	0	4	0	0	0	0	0	0	0	0	0	3
RAC2	ENSG00000128340	ENST00000481215	retained_intron	0	0	0	17	0	0	0	0	0	11	0	4	0	0	0	0	0	0	0	0	0	2
RAG1	ENSG00000166349	ENST00000299440	protein_coding	2	33	25	7	0	0	1	0	0	2	25	0	0	20	0	0	0	2	0	0	13	4
RAG1	ENSG00000166349	ENST00000534663	nonsense_mediated_decay	2	29	19	42	1	0	1	22	0	18	19	0	0	20	0	0	0	2	0	0	9	0
RAG2	ENSG00000175097	ENST00000311485	protein_coding	0	4	12	15	0	0	2	0	0	7	12	0	0	0	0	0	0	0	0	0	4	6
RAG2	ENSG00000175097	ENST00000524423	processed_transcript	1	0	0	71	0	0	0	29	0	34	0	3	0	0	1	0	0	0	0	0	0	6
RAG2	ENSG00000175097	ENST00000527033	protein_coding	0	1	0	30	0	0	2	15	0	7	0	0	0	0	0	0	0	0	0	0	1	6
RAG2	ENSG00000175097	ENST00000528428	processed_transcript	0	0	0	31	0	0	0	16	0	4	0	5	0	0	0	0	0	0	0	0	0	6
RAG2	ENSG00000175097	ENST00000529083	protein_coding	0	1	4	26	0	0	0	11	0	0	4	0	0	0	0	0	0	0	0	0	1	15
RAG2	ENSG00000175097	ENST00000530276	processed_transcript	0	0	0	31	0	0	0	16	0	1	0	8	0	0	0	0	0	0	0	0	0	6
RAG2	ENSG00000175097	ENST00000532616	protein_coding	0	0	0	31	0	0	5	16	0	4	0	0	0	0	0	0	0	0	0	0	0	6
RAG2	ENSG00000175097	ENST00000534379	processed_transcript	0	0	0	31	0	0	0	16	0	7	0	2	0	0	0	0	0	0	0	0	0	6
RMRP	ENSG00000269900	ENST00000363046	misc_RNA	0	0	0	6	0	0	0	1	0	0	0	3	0	0	0	0	0	0	0	0	0	2
RMRP	ENSG00000269900	ENST00000602361	lincRNA	0	0	0	6	0	0	0	1	0	0	0	3	0	0	0	0	0	0	0	0	0	2
RP1-117O3.2	ENSG00000236065	ENST00000427524	antisense	0	0	0	23	0	0	0	8	0	15	0	0	0	0	0	0	0	0	0	0	0	0
RP11-165F24.3	ENSG00000227155	ENST00000415004	antisense	0	0	0	24	0	0	0	11	0	13	0	0	0	0	0	0	0	0	0	0	0	0
RP11-165F24.3	ENSG00000227155	ENST00000585631	antisense	0	0	0	20	0	0	0	7	0	0	0	0	0	0	0	0	0	0	0	0	0	13
RP11-165F24.3	ENSG00000227155	ENST00000585819	antisense	0	0	0	20	0	0	0	7	0	13	0	0	0	0	0	0	0	0	0	0	0	0
RP11-165F24.3	ENSG00000227155	ENST00000585944	antisense	0	0	0	11	0	0	0	11	0	0	0	0	0	0	0	0	0	0	0	0	0	0
RP11-165F24.3	ENSG00000227155	ENST00000586805	antisense	0	0	0	24	0	0	0	11	0	13	0	0	0	0	0	0	0	0	0	0	0	0
RP11-165F24.3	ENSG00000227155	ENST00000588474	antisense	0	0	0	20	0	0	0	7	0	13	0	0	0	0	0	0	0	0	0	0	0	0
RP11-165F24.3	ENSG00000227155	ENST00000588989	antisense	0	0	0	13	0	0	0	0	0	13	0	0	0	0	0	0	0	0	0	0	0	0
RP11-165F24.3	ENSG00000227155	ENST00000589287	antisense	0	0	0	24	0	0	0	11	0	13	0	0	0	0	0	0	0	0	0	0	0	0
RP11-165F24.3	ENSG00000227155	ENST00000589387	antisense	0	0	0	24	0	0	0	11	0	13	0	0	0	0	0	0	0	0	0	0	0	0
RP11-165F24.3	ENSG00000227155	ENST00000590240	antisense	0	0	0	20	0	0	0	7	0	0	0	0	0	0	0	0	0	0	0	0	0	13
RP11-165F24.3	ENSG00000227155	ENST00000590518	antisense	0	0	0	20	0	0	0	7	0	13	0	0	0	0	0	0	0	0	0	0	0	0
RP11-165F24.3	ENSG00000227155	ENST00000591577	antisense	0	0	0	24	0	0	0	11	0	13	0	0	0	0	0	0	0	0	0	0	0	0
RP11-165F24.3	ENSG00000227155	ENST00000592805	antisense	0	0	0	20	0	0	0	7	0	13	0	0	0	0	0	0	0	0	0	0	0	0
RP11-165F24.3	ENSG00000227155	ENST00000593137	antisense	0	0	0	20	0	0	0	7	0	13	0	0	0	0	0	0	0	0	0	0	0	0
RP11-165F24.3	ENSG00000227155	ENST00000608617	antisense	0	0	0	13	0	0	0	0	0	13	0	0	0	0	0	0	0	0	0	0	0	0
RP11-182B22.2	ENSG00000226498	ENST00000414293	transcribed_processed_pseudogene	0	0	0	9	0	0	0	8	0	0	0	0	0	0	0	0	0	0	0	0	0	1
RP11-192H23.4	ENSG00000258472	ENST00000481916	nonsense_mediated_decay	0	0	0	41	0	0	0	0	0	41	0	0	0	0	0	0	0	0	0	0	0	0
RP11-203M5.8	ENSG00000258908	ENST00000554678	lincRNA	0	0	0	18	0	0	0	5	0	7	0	6	0	0	0	0	0	0	0	0	0	0
RP11-33I11.2	ENSG00000254432	ENST00000534670	antisense	0	0	0	1	0	0	0	1	0	0	0	0	0	0	0	0	0	0	0	0	0	0
RP11-455F5.5	ENSG00000261416	ENST00000566144	antisense	0	0	0	35	0	0	0	2	0	0	0	4	0	0	0	0	0	0	0	0	0	29
RP11-455F5.5	ENSG00000261416	ENST00000567153	antisense	0	0	0	35	0	0	0	6	0	0	0	0	0	0	0	0	0	0	0	0	0	29
RP11-455F5.5	ENSG00000261416	ENST00000568506	antisense	0	0	0	35	0	0	0	2	0	0	0	4	0	0	0	0	0	0	0	0	0	29
RP11-475N22.4	ENSG00000244300	ENST00000464242	antisense	0	0	0	18	0	0	0	0	0	10	0	0	0	0	0	0	0	0	0	0	0	8
RP11-475N22.4	ENSG00000244300	ENST00000468377	antisense	0	0	0	18	0	0	0	0	0	10	0	0	0	0	0	0	0	0	0	0	0	8
RP11-475N22.4	ENSG00000244300	ENST00000473958	antisense	0	0	0	18	0	0	0	10	0	0	0	0	0	0	0	0	0	0	0	0	0	8
RP11-59O6.3	ENSG00000235880	ENST00000429661	antisense	0	0	0	11	0	0	0	0	0	3	0	0	0	0	0	0	0	0	0	0	0	8
RP4-592A1.2	ENSG00000185839	ENST00000330659	pseudogene	0	0	0	1	0	0	0	1	0	0	0	0	0	0	0	0	0	0	0	0	0	0
RP4-592A1.2	ENSG00000185839	ENST00000427762	processed_pseudogene	0	0	0	1	0	0	0	1	0	0	0	0	0	0	0	0	0	0	0	0	0	0
RPL36A	ENSG00000241343	ENST00000372849	nonsense_mediated_decay	0	0	0	12	0	0	0	0	0	0	0	0	0	0	0	0	0	0	0	0	0	12
RPL36A	ENSG00000241343	ENST00000392994	protein_coding	0	0	0	12	0	0	0	0	0	0	0	0	0	0	0	0	0	0	0	0	0	12
RPL36A	ENSG00000241343	ENST00000427805	protein_coding	0	0	0	12	0	0	0	0	0	0	0	0	0	0	0	0	0	0	0	0	0	12
RPL36A	ENSG00000241343	ENST00000465340	retained_intron	0	0	0	12	0	0	0	0	0	0	0	0	0	0	0	0	0	0	0	0	0	12
RPL36A	ENSG00000241343	ENST00000465744	retained_intron	0	0	0	11	0	0	0	0	0	0	0	0	0	0	0	0	0	0	0	0	0	11
RPL36A	ENSG00000241343	ENST00000471855	protein_coding	0	0	0	8	0	0	0	0	0	0	0	0	0	0	0	0	0	0	0	0	0	8
RPL36A	ENSG00000241343	ENST00000491851	retained_intron	0	0	0	12	0	0	0	0	0	0	0	0	0	0	0	0	0	0	0	0	0	12
RPL36A	ENSG00000241343	ENST00000553110	protein_coding	0	0	0	12	0	0	0	0	0	0	0	0	0	0	0	0	0	0	0	0	0	12
RPL36A-HNRNPH2	ENSG00000257529	ENST00000409170	protein_coding	0	0	0	12	0	0	0	0	0	0	0	0	0	0	0	0	0	0	0	0	0	12
RPL36A-HNRNPH2	ENSG00000257529	ENST00000409338	protein_coding	0	0	0	12	0	0	0	0	0	0	0	0	0	0	0	0	0	0	0	0	0	12
SARM1	ENSG00000004139	ENST00000003834	retained_intron	0	0	0	10	0	0	0	10	0	0	0	0	0	0	0	0	0	0	0	0	0	0
SARM1	ENSG00000004139	ENST00000379061	processed_transcript	0	0	0	10	0	0	0	10	0	0	0	0	0	0	0	0	0	0	0	0	0	0
SARM1	ENSG00000004139	ENST00000457710	protein_coding	0	0	0	16	10	0	0	6	0	0	0	0	0	0	0	0	0	0	0	0	0	0
SARM1	ENSG00000004139	ENST00000577870	retained_intron	0	0	0	10	0	0	0	10	0	0	0	0	0	0	0	0	0	0	0	0	0	0
SARM1	ENSG00000004139	ENST00000578128	protein_coding	0	0	0	10	0	0	0	10	0	0	0	0	0	0	0	0	0	0	0	0	0	0
SARM1	ENSG00000004139	ENST00000579593	protein_coding	0	0	0	10	0	0	0	10	0	0	0	0	0	0	0	0	0	0	0	0	0	0
SARM1	ENSG00000004139	ENST00000580711	retained_intron	0	0	0	10	0	0	0	10	0	0	0	0	0	0	0	0	0	0	0	0	0	0
SLC23A3	ENSG00000213901	ENST00000295738	protein_coding	0	1	1	20	1	0	0	19	0	0	1	0	0	1	0	0	0	0	0	0	0	0
SLC23A3	ENSG00000213901	ENST00000318673	nonsense_mediated_decay	1	1	0	34	16	0	0	0	0	20	0	0	0	0	0	1	1	0	0	0	0	0
SLC23A3	ENSG00000213901	ENST00000396775	protein_coding	0	0	0	21	2	0	0	19	0	0	0	0	0	0	0	0	0	0	0	0	0	0
SLC23A3	ENSG00000213901	ENST00000409878	protein_coding	0	1	1	20	1	0	0	19	0	0	1	0	0	1	0	0	0	0	0	0	0	0
SLC23A3	ENSG00000213901	ENST00000455516	protein_coding	0	1	1	20	1	0	0	19	0	0	1	0	0	1	0	0	0	0	0	0	0	0
SLC23A3	ENSG00000213901	ENST00000497918	retained_intron	0	0	0	10	0	0	0	10	0	0	0	0	0	0	0	0	0	0	0	0	0	0
SLC23A3	ENSG00000213901	ENST00000498327	retained_intron	1	1	0	34	0	0	0	0	0	20	0	16	0	0	0	1	1	0	0	0	0	0
SLC46A1	ENSG00000076351	ENST00000321666	protein_coding	1	6	3	18	3	0	0	0	0	7	3	0	0	0	1	0	3	0	0	0	4	11
SLC46A1	ENSG00000076351	ENST00000440501	protein_coding	1	6	3	18	3	0	0	0	1	6	3	0	0	0	0	0	3	0	0	0	4	11
SLC46A1	ENSG00000076351	ENST00000578217	processed_transcript	0	0	0	28	0	0	0	10	0	5	0	0	0	0	0	0	0	0	0	0	0	13
SLC46A1	ENSG00000076351	ENST00000581516	protein_coding	0	0	0	22	0	0	4	9	0	5	0	0	0	0	0	0	0	0	0	0	0	4
SLC46A1	ENSG00000076351	ENST00000582345	retained_intron	0	0	0	16	0	0	0	6	0	0	0	4	0	0	0	0	0	0	0	0	0	6
SLC46A1	ENSG00000076351	ENST00000582590	retained_intron	0	0	0	28	0	0	0	10	0	1	0	6	0	0	0	0	0	0	0	0	0	11
SLC46A1	ENSG00000076351	ENST00000582735	protein_coding	0	2	1	25	2	0	0	0	0	6	1	0	0	0	0	0	1	0	0	0	1	18
SLC46A1	ENSG00000076351	ENST00000583295	processed_transcript	0	2	0	26	0	0	0	0	0	6	0	11	0	0	0	0	2	0	0	0	0	11
SLC46A1	ENSG00000076351	ENST00000584426	protein_coding	0	3	2	17	0	0	3	4	0	2	2	0	0	0	0	0	0	0	0	0	3	8
SLC46A1	ENSG00000076351	ENST00000584729	processed_transcript	0	2	0	26	0	0	0	0	0	6	0	11	0	0	0	0	2	0	0	0	0	11
SLC46A1	ENSG00000076351	ENST00000584995	protein_coding	0	3	2	18	0	0	3	5	0	2	2	0	0	0	0	0	0	0	0	0	3	8
SLX1A	ENSG00000132207	ENST00000251303	protein_coding	0	0	0	8	0	0	0	0	0	0	0	0	0	0	0	0	0	0	0	0	0	8
SLX1A	ENSG00000132207	ENST00000345535	protein_coding	0	0	0	9	0	0	0	0	0	0	0	0	0	0	0	0	0	0	0	0	0	9
SLX1A	ENSG00000132207	ENST00000563995	nonsense_mediated_decay	0	0	0	8	0	0	0	0	0	0	0	0	0	0	0	0	0	0	0	0	0	8
SLX1A	ENSG00000132207	ENST00000565081	retained_intron	0	0	0	9	0	0	0	0	0	0	0	0	0	0	0	0	0	0	0	0	0	9
SLX1A-SULT1A3	ENSG00000213599	ENST00000568997	retained_intron	0	0	0	9	0	0	0	0	0	0	0	0	0	0	0	0	0	0	0	0	0	9
SNORA36A	ENSG00000206948	ENST00000384221	snoRNA	0	0	0	22	0	0	0	11	0	0	0	1	0	0	0	0	0	0	0	0	0	10
SNORA56	ENSG00000206693	ENST00000383966	snoRNA	0	0	0	11	0	0	0	1	0	0	0	0	0	0	0	0	0	0	0	0	0	10
STAT5A	ENSG00000126561	ENST00000345506	protein_coding	1	2	2	6	0	0	0	0	0	6	2	0	0	0	0	0	0	1	0	0	2	0
STAT5A	ENSG00000126561	ENST00000452307	protein_coding	1	2	2	6	0	0	0	0	0	6	2	0	0	0	0	0	0	1	0	0	2	0
STAT5A	ENSG00000126561	ENST00000468096	retained_intron	0	0	0	2	0	0	0	0	0	0	0	0	0	0	0	0	0	0	0	0	0	2
STAT5A	ENSG00000126561	ENST00000479417	retained_intron	0	0	0	11	0	0	0	0	0	0	0	0	0	0	0	0	0	0	0	0	0	11
STAT5A	ENSG00000126561	ENST00000546010	protein_coding	1	2	2	6	0	0	0	0	0	6	2	0	0	0	0	0	0	1	0	0	2	0
STAT5A	ENSG00000126561	ENST00000587646	protein_coding	0	0	0	1	0	0	0	0	0	0	0	0	0	0	0	0	0	0	0	0	0	1
STAT5A	ENSG00000126561	ENST00000588868	protein_coding	1	2	2	6	0	0	0	0	0	6	2	0	0	0	0	0	0	1	0	0	2	0
STAT5A	ENSG00000126561	ENST00000590726	protein_coding	1	2	1	7	0	0	0	3	0	4	1	0	0	0	0	0	0	1	0	0	2	0
STAT5A	ENSG00000126561	ENST00000590949	protein_coding	1	2	2	6	0	0	0	0	0	6	2	0	0	0	0	0	0	1	0	0	2	0
STAT5A	ENSG00000126561	ENST00000591556	retained_intron	0	0	0	2	0	0	0	0	0	0	0	0	0	0	0	0	0	0	0	0	0	2
STAT5B	ENSG00000173757	ENST00000293328	protein_coding	2	17	12	40	1	0	0	0	0	37	12	0	0	8	0	0	4	2	0	0	6	5
STAT5B	ENSG00000173757	ENST00000415845	protein_coding	1	1	2	23	0	0	1	13	0	5	2	0	0	0	0	0	0	1	0	0	1	4
STAT5B	ENSG00000173757	ENST00000468312	retained_intron	0	3	0	33	0	0	0	7	0	17	0	7	0	0	0	0	3	0	0	0	0	5
STAT5B	ENSG00000173757	ENST00000468496	retained_intron	0	0	0	43	0	0	0	11	0	8	0	9	0	0	0	0	0	0	0	0	0	15
STAT5B	ENSG00000173757	ENST00000481253	retained_intron	0	0	0	25	0	0	0	11	0	3	0	5	0	0	0	0	0	0	0	0	0	6
STAT5B	ENSG00000173757	ENST00000481517	retained_intron	0	0	0	39	0	0	0	13	0	7	0	8	0	0	0	0	0	0	0	0	0	11
STAT5B	ENSG00000173757	ENST00000498674	retained_intron	0	1	0	15	0	0	0	1	0	0	0	4	0	0	0	0	1	0	0	0	0	11
SUV39H1	ENSG00000101945	ENST00000337852	protein_coding	0	0	0	1	0	0	0	0	0	0	0	0	0	0	0	0	0	0	0	0	0	1
SUV39H2	ENSG00000152455	ENST00000313519	protein_coding	0	0	0	12	0	0	0	12	0	0	0	0	0	0	0	0	0	0	0	0	0	0
SUV39H2	ENSG00000152455	ENST00000358298	protein_coding	0	0	0	6	0	0	0	6	0	0	0	0	0	0	0	0	0	0	0	0	0	0
SUV39H2	ENSG00000152455	ENST00000378331	nonsense_mediated_decay	0	0	0	12	0	0	0	12	0	0	0	0	0	0	0	0	0	0	0	0	0	0
TBX1	ENSG00000184058	ENST00000329705	protein_coding	3	22	3	31	2	0	3	2	0	16	3	0	1	18	1	0	2	1	0	0	2	10
TBX1	ENSG00000184058	ENST00000332710	protein_coding	2	23	4	24	1	0	3	0	0	12	4	0	0	18	1	0	2	1	0	0	3	10
TBX1	ENSG00000184058	ENST00000359500	protein_coding	2	3	4	31	0	0	3	0	0	20	4	0	0	0	1	0	2	1	0	0	1	10
TBX1	ENSG00000184058	ENST00000475303	retained_intron	0	0	0	29	0	0	0	14	0	3	0	0	0	0	0	0	0	0	0	0	0	12
TBX1	ENSG00000184058	ENST00000484336	retained_intron	1	0	0	16	0	0	0	4	0	1	0	3	0	0	1	0	0	0	0	0	0	9
TIMM8A	ENSG00000126953	ENST00000372902	protein_coding	0	0	0	7	0	0	0	0	0	0	0	0	0	0	0	0	0	0	0	0	0	7
TIMM8A	ENSG00000126953	ENST00000480575	processed_transcript	0	0	0	4	0	0	0	0	0	0	0	0	0	0	0	0	0	0	0	0	0	4
USP18	ENSG00000184979	ENST00000215794	protein_coding	0	0	0	4	0	0	0	4	0	0	0	0	0	0	0	0	0	0	0	0	0	0
WAS	ENSG00000015285	ENST00000376701	protein_coding	0	8	1	10	1	0	0	0	0	9	1	0	0	7	0	0	1	0	0	0	0	1
WAS	ENSG00000015285	ENST00000450772	protein_coding	0	1	1	10	0	0	0	3	0	8	1	0	0	0	0	0	1	0	0	0	0	0
WAS	ENSG00000015285	ENST00000465982	processed_transcript	0	0	0	12	0	0	0	3	0	7	0	1	0	0	0	0	0	0	0	0	0	1
WAS	ENSG00000015285	ENST00000470107	processed_transcript	0	0	0	11	0	0	0	2	0	1	0	0	0	0	0	0	0	0	0	0	0	8
WAS	ENSG00000015285	ENST00000474174	processed_transcript	0	0	0	12	0	0	0	3	0	0	0	0	0	0	0	0	0	0	0	0	0	9
WAS	ENSG00000015285	ENST00000483750	processed_transcript	0	1	0	11	0	0	0	3	0	7	0	1	0	0	0	0	1	0	0	0	0	1
WAS	ENSG00000015285	ENST00000490627	processed_transcript	0	1	0	11	0	0	0	3	0	3	0	0	0	0	0	0	1	0	0	0	0	6
XXbac-B444P24.13	ENSG00000273343	ENST00000608275	sense_intronic	0	0	0	8	0	0	0	0	0	0	0	0	0	0	0	0	0	0	0	0	0	8
XXbac-B444P24.14	ENSG00000273139	ENST00000609632	lincRNA	0	0	0	8	0	0	0	8	0	0	0	0	0	0	0	0	0	0	0	0	0	0
Y_RNA	ENSG00000206967	ENST00000384240	misc_RNA	0	0	0	12	0	0	0	12	0	0	0	0	0	0	0	0	0	0	0	0	0	0
Y_RNA	ENSG00000207450	ENST00000384719	misc_RNA	0	0	0	11	0	0	0	8	0	0	0	0	0	0	0	0	0	0	0	0	0	3
Z82188.1	ENSG00000255594	ENST00000417990	pseudogene	0	0	0	11	0	0	0	0	0	0	0	0	0	0	0	0	0	0	0	0	0	11
Z97053.1	ENSG00000269605	ENST00000597250	protein_coding	0	0	0	21	0	0	0	0	0	0	0	0	0	0	0	0	0	0	0	0	0	21
ZAP70	ENSG00000115085	ENST00000264972	protein_coding	2	58	6	37	1	0	3	0	0	26	6	0	1	50	0	1	1	0	0	0	7	9
ZAP70	ENSG00000115085	ENST00000442208	protein_coding	1	5	3	30	1	0	0	0	0	22	3	0	0	0	0	1	0	0	0	0	5	8
ZAP70	ENSG00000115085	ENST00000451498	protein_coding	0	17	3	21	0	0	1	1	0	5	3	0	0	14	0	0	0	0	0	0	3	14
ZAP70	ENSG00000115085	ENST00000463643	processed_transcript	1	0	0	38	0	0	0	0	0	22	0	9	0	0	0	1	0	0	0	0	0	8
ZAP70	ENSG00000115085	ENST00000483781	retained_intron	0	1	0	49	0	0	0	17	0	10	0	14	0	0	0	0	1	0	0	0	0	9
ZAP70	ENSG00000115085	ENST00000487283	retained_intron	0	0	0	27	0	0	0	0	0	8	0	19	0	0	0	0	0	0	0	0	0	0
ZAP70	ENSG00000115085	ENST00000489250	retained_intron	0	0	0	27	0	0	0	2	0	0	0	2	0	0	0	0	0	0	0	0	0	23
ZAP70	ENSG00000115085	ENST00000495754	retained_intron	0	0	0	27	0	0	0	4	0	4	0	0	0	0	0	0	0	0	0	0	0	19
ZAP70	ENSG00000115085	ENST00000498836	retained_intron	0	0	0	25	0	0	0	21	0	3	0	1	0	0	0	0	0	0	0	0	0	0
ZBTB25	ENSG00000089775	ENST00000555220	protein_coding	0	0	0	25	0	0	0	9	0	16	0	0	0	0	0	0	0	0	0	0	0	0
ZBTB25	ENSG00000089775	ENST00000555424	protein_coding	0	0	0	25	0	0	0	9	0	16	0	0	0	0	0	0	0	0	0	0	0	0
ZNF518A	ENSG00000177853	ENST00000442635	processed_transcript	0	0	0	12	0	0	0	4	0	8	0	0	0	0	0	0	0	0	0	0	0	0
ZNF518A	ENSG00000177853	ENST00000563195	processed_transcript	0	0	0	13	0	0	0	4	0	8	0	1	0	0	0	0	0	0	0	0	0	0
hsa-mir-4537	ENSG00000264781	ENST00000581717	miRNA	0	0	0	18	0	0	0	18	0	0	0	0	0	0	0	0	0	0	0	0	0	0
hsa-mir-4538	ENSG00000264473	ENST00000581318	miRNA	0	0	0	18	0	0	0	18	0	0	0	0	0	0	0	0	0	0	0	0	0	0
hsa-mir-4539	ENSG00000265612	ENST00000579784	miRNA	0	0	0	18	0	0	0	18	0	0	0	0	0	0	0	0	0	0	0	0	0	0
