Primer_Name	chr	Start_hg19	End_hg19
ADA-P1-F5	20	43281354	43281374
ADA-P1-R3	20	43280927	43280948
ADA-P2-F1	20	43281093	43281114
ADA-P2-R1	20	43280463	43280483
ADA-E1-F3	20	43280595	43280614
ADA-E1-R3	20	43280023	43280042
ADA-E2-F1	20	43265163	43265182
ADA-E2-R1	20	43264660	43264679
ADA-E3-F1	20	43257875	43257894
ADA-E3-R1	20	43257493	43257512
ADA-E4-F2	20	43255499	43255519
ADA-E5-R1	20	43254073	43254090
ADA-E6-F1	20	43253105	43253126
ADA-E6-R1	20	43252702	43252721
ADA-E789-F1	20	43251817	43251835
ADA-E789-R1	20	43251037	43251056
ADA-E10-F1	20	43249876	43249895
ADA-E10-R1	20	43249526	43249545
ADA-E11-F1	20	43249157	43249178
ADA-E11-R1	20	43248825	43248843
ADA-E12-F2	20	43248628	43248646
ADA-E12-R1	20	43248046	43248065
AK2-P1-F3	1	33503659	33503680
AK2-P1-R1	1	33503112	33503133
AK2-P2-F1	1	33503236	33503254
AK2-P2-R1	1	33502647	33502664
AK2-E1-F1	1	33502757	33502778
AK2-E1-R1	1	33502253	33502271
AK2-E2-F1	1	33490399	33490420
AK2-E2-R1	1	33489861	33489883
AK2-E3-E4-F1	1	33487450	33487468
AK2-E3-E4-R1	1	33486813	33486833
AK2-E5-F1	1	33480463	33480482
AK2-E5-R1	1	33479925	33479946
AK2-E6-F2	1	33479122	33479142
AK2-E6-R2	1	33478524	33478544
ART-P1-F4	10	14997062	14997079
ART-P1-R3	10	14996545	14996569
ART-P2-F1	10	14996650	14996668
ART-P2-R1	10	14996201	14996221
ART-E1-F1	10	14996292	14996310
ART-E1-R1	10	14995627	14995644
ART-E2-F2	10	14991358	14991379
ART-E2-R2	10	14990883	14990905
ART-E4-F3	10	14987455	14987473
ART-E4-R2	10	14986951	14986969
ART-E6-F1	10	14982101	14982122
ART-E6-R1	10	14981491	14981509
ART-E7-F2	10	14978781	14978803
ART-E7-R2	10	14978355	14978373
ART-E8-F2	10	14977823	14977844
ART-E8-R3	10	14977329	14977348
ART-E9-E10-F1	10	14976894	14976913
ART-E9-E10-R1	10	14975821	14975841
ART-E11-F1	10	14975113	14975131
ART-E11-SEQ-R1	10	14974680	14974703
ART-E12-F1	10	14970363	14970383
ART-E12-R2	10	14969819	14969838
ART-E13-F2	10	14969093	14969110
ART-E13-R2	10	14968680	14968702
ART-E14-F1	10	14965176	14965194
ART-E14-R1	10	14964762	14964780
ART-E15-F1	10	14962191	14962209
ART-E15-R1	10	14961608	14961629
ART-E16-F1A	10	14951471	14951492
ART-E16-R1A	10	14950834	14950855
ART-E16B-F5	10	14950872	14950893
ART-E16B-R5	10	14950138	14950155
ATM-P1-F1	11	108092451	108092472
ATM-P1-R1	11	108093097	108093117
ATM-P2-F1	11	108092846	108092865
ATM-P2-R1	11	108093476	108093495
ATM-E1-F1	11	108093340	108093358
ATM-E1-R1	11	108093996	108094014
ATM-E2-E3-F1	11	108098165	108098185
ATM-E2-E3-R1	11	108098715	108098740
ATM-E4-F1	11	108099820	108099840
ATM-E4-R2	11	108100081	108100103
ATM-E5-F1	11	108106247	108106265
ATM-E5-R1	11	108106652	108106675
ATM-E6-F1	11	108114577	108114599
ATM-E6-R1	11	108114991	108115015
ATM-E7-F2	11	108115451	108115475
ATM-E7-R1	11	108115834	108115855
ATM-E8-F1	11	108117574	108117596
ATM-E8-R1	11	108117975	108117999
ATM-E9-F1	11	108119566	108119584
ATM-E9-R1	11	108119945	108119967
ATM-E10-F1	11	108121311	108121337
ATM-E10-R1	11	108121925	108121944
ATM-E11-F1	11	108122465	108122489
ATM-E11-R1	11	108122858	108122879
ATM-E12-F1	11	108123363	108123384
ATM-E12-R1	11	108123761	108123782
ATM-E13-F1	11	108124369	108124391
ATM-E13-R1	11	108124852	108124869
ATM-E14-F1	11	108126799	108126819
ATM-E14-R1	11	108127145	108127168
ATM-E15-F1	11	108128036	108128062
ATM-E15-R1	11	108128428	108128446
ATM-E16-F1	11	108129564	108129586
ATM-E16-R1	11	108129886	108129911
ATM-E17-F1	11	108137772	108137789
ATM-E17-R1	11	108138181	108138202
ATM-E18-F1	11	108138902	108138923
ATM-E18-R1	11	108139421	108139445
ATM-E19-E20-F2	11	108141657	108141676
ATM-E19-E20-R2	11	108142275	108142295
ATM-E21-E22-F1	11	108143110	108143133
ATM-E21-E22-R1	11	108143675	108143701
ATM-E23-F1	11	108150114	108150139
ATM-E23-R1	11	108150487	108150508
ATM-E24-F1	11	108151605	108151628
ATM-E24-R1	11	108152103	108152124
ATM-E25-F1	11	108153246	108153270
ATM-E25-R1	11	108153683	108153706
ATM-E26-F1	11	108154691	108154713
ATM-E26-R1	11	108155356	108155378
ATM-E27-F1	11	108158129	108158151
ATM-E27-R1	11	108158598	108158623
ATM-E28-F1	11	108159582	108159606
ATM-E28-R1	11	108160058	108160084
ATM-E29-F1	11	108160035	108160061
ATM-E29-R2	11	108160615	108160635
ATM-E30-F1	11	108163158	108163178
ATM-E30-R1	11	108163692	108163718
ATM-E31-F1	11	108163892	108163918
ATM-E31-R1	11	108164327	108164344
ATM-E32-F1	11	108165483	108165505
ATM-E32-R1	11	108165861	108165887
ATM-E33-F1	11	108167749	108167772
ATM-E33-R1	11	108168240	108168265
ATM-E34-F2	11	108170321	108170347
ATM-E34-R2	11	108170785	108170808
ATM-E35-F1	11	108172159	108172178
ATM-E35-R1	11	108172649	108172673
ATM-E36-F1	11	108173437	108173461
ATM-E36-R1	11	108173882	108173906
ATM-E37-F1	11	108175259	108175281
ATM-E37-R1	11	108175685	108175711
ATM-E38-F1	11	108178518	108178542
ATM-E38-R1	11	108178845	108178869
ATM-E39-F1	11	108180764	108180789
ATM-E39-R1	11	108181213	108181236
ATM-E40-F1	11	108182958	108182981
ATM-E40-R1	11	108183379	108183404
ATM-E41-E42-F2	11	108186442	108186468
ATM-E41-E42-R2	11	108186969	108186994
ATM-E43-F2	11	108187955	108187975
ATM-E43-R1	11	108188281	108188306
ATM-E44-F1	11	108190468	108190493
ATM-E44-R1	11	108190878	108190903
ATM-E45-F1	11	108191878	108191903
ATM-E45-R1	11	108192273	108192291
ATM-E46-F1	11	108195801	108195824
ATM-E46-R1	11	108196423	108196449
ATM-E47-F1	11	108196673	108196698
ATM-E47-R1	11	108197222	108197247
ATM-E48-F1	11	108198223	108198243
ATM-E48-R1	11	108198616	108198640
ATM-E49-F1	11	108199596	108199614
ATM-E49-R1	11	108200107	108200127
ATM-E50-F1	11	108200799	108200823
ATM-E50-R1	11	108201222	108201247
ATM-E51-F1	11	108202058	108202083
ATM-E51-R1	11	108202409	108202435
ATM-E52-F1	11	108202483	108202503
ATM-E52-R1	11	108202855	108202876
ATM-E53-F1	11	108203374	108203396
ATM-E53-R1	11	108203715	108203739
ATM-E54-F1	11	108204475	108204498
ATM-E54-R1	11	108204852	108204875
ATM-E55-F1	11	108205552	108205576
ATM-E55-R2	11	108206183	108206203
ATM-E56-F1	11	108206462	108206482
ATM-E56-R1	11	108206835	108206855
ATM-E57-F1	11	108213805	108213827
ATM-E57-R1	11	108214252	108214273
ATM-E58-F1	11	108216324	108216350
ATM-E58-R1	11	108216734	108216757
ATM-E59-F1	11	108217861	108217885
ATM-E59-R1	11	108218229	108218254
ATM-E60-F1	11	108224378	108224403
ATM-E60-R1	11	108224695	108224714
ATM-E61-F1	11	108225386	108225406
ATM-E61-R1	11	108225724	108225744
ATM-E62-F1	11	108235698	108235719
ATM-E62-R1	11	108236031	108236053
ATM-E63-F2	11	108235926	108235946
ATM-E63-R2	11	108236683	108236702
BLNK-P1-F1	10	98032459	98032478
BLNK-P1-R1	10	98031850	98031870
BLNK-P2-F1	10	98031951	98031970
BLNK-P2-R1	10	98031391	98031410
BLNK-E1-F1	10	98031493	98031514
BLNK-E1-R1	10	98031001	98031022
BLNK-E2-F1	10	98006907	98006927
BLNK-E2-R1	10	98006635	98006657
BLNK-E3-F1	10	98002642	98002662
BLNK-E3-R1	10	98002322	98002344
BLNK-E4-F1	10	97990692	97990713
BLNK-E4-R1	10	97990436	97990455
BLNK-E5-F1	10	97987404	97987423
BLNK-E5-R1	10	97987071	97987088
BLNK-E6-F2	10	97983852	97983869
BLNK-E6-R2	10	97983425	97983445
BLNK-E7-F1	10	97976572	97976593
BLNK-E7-R1	10	97976312	97976334
BLNK-E8-F1	10	97975264	97975283
BLNK-E8-R1	10	97974952	97974971
BLNK-E9-F1	10	97969809	97969831
BLNK-E9-R1	10	97969461	97969480
BLNK-E10-F1	10	97967790	97967809
BLNK-E10-R1	10	97967529	97967549
BLNK-E11-F1	10	97966901	97966922
BLNK-E11-R1	10	97966593	97966615
BLNK-E12-F1	10	97964510	97964528
BLNK-E12-R1	10	97964159	97964180
BLNK-E13-F1	10	97964092	97964115
BLNK-E13-R1	10	97963722	97963742
BLNK-E14-F1	10	97960962	97960979
BLNK-E14-R1	10	97960572	97960593
BLNK-E15-F1	10	97959997	97960019
BLNK-E15-R2	10	97959696	97959714
BLNK-E16-F1	10	97957019	97957039
BLNK-E16-R1	10	97956571	97956593
BLNK-E17-F1	10	97952013	97952032
BLNK-E17-R1	10	97951494	97951517
BTK-P1-F1	X	100642260	100642280
BTK-P1-R1	X	100641603	100641622
BTK-P2-F1	X	100641757	100641778
BTK-P2-R1	X	100641260	100641279
BTK-E1-F2	X	100641328	100641348
BTK-E1-R1	X	100640950	100640968
BTK-E2-F1	X	100630427	100630445
BTK-E2-R1	X	100629954	100629974
BTK-E3-F1	X	100629714	100629731
BTK-E3-R1	X	100629407	100629427
BTK-E4-F1	X	100626769	100626790
BTK-E4-R1	X	100626517	100626538
BTK-E5-F1	X	100625199	100625220
BTK-E5-R1	X	100624809	100624831
BTK-E6-F1	X	100617800	100617819
BTK-E6-R1	X	100617444	100617465
BTK-E7-F1	X	100617299	100617318
BTK-E7-R1	X	100616980	100617002
BTK-E8-F1	X	100615890	100615909
BTK-E8-R1	X	100615450	100615471
BTK-E9-F1	X	100615287	100615305
BTK-E9-R1	X	100614791	100614811
BTK-E10-F1	X	100614412	100614433
BTK-E10-R1	X	100614177	100614194
BTK-E11-E12-F1	X	100613791	100613809
BTK-E11-E12-R1	X	100613194	100613215
BTK-E13-F1	X	100612645	100612666
BTK-E13-R1	X	100612391	100612411
BTK-E14-F1	X	100612098	100612121
BTK-E14-R1	X	100611646	100611667
BTK-E15-F1	X	100611349	100611369
BTK-E15-R1	X	100610858	100610879
BTK-E16-F1	X	100609785	100609806
BTK-E16-R1	X	100609497	100609517
BTK-E17-F1	X	100609046	100609068
BTK-E17-R1	X	100608764	100608787
BTK-E18-F1	X	100608431	100608448
BTK-E18-R1	X	100608088	100608109
BTK-E19-F1	X	100605039	100605058
BTK-E19-R1	X	100604641	100604658
CD3D-P1-F1	11	118214545	118214564
CD3D-P1-R1	11	118214092	118214110
CD3D-P2-F1	11	118214174	118214193
CD3D-P2-R1	11	118213555	118213574
CD3D-E1-F1	11	118213679	118213696
CD3D-E1-R1	11	118212917	118212935
CD3D-E2-F1	11	118211567	118211585
CD3D-E2-R1	11	118210995	118211017
CD3D-E3-F1	11	118210806	118210829
CD3D-E5-R3	11	118209625	118209642
CD3E-P1-F1	11	118174178	118174197
CD3E-P1-R1	11	118174774	118174794
CD3E-P2-F1	11	118174681	118174702
CD3E-P2-R1	11	118175240	118175261
CD3E-E1-E2-F1	11	118175126	118175146
CD3E-E1-E2-R1	11	118175784	118175803
CD3E-E3-F1	11	118177619	118177637
CD3E-E3-R1	11	118178108	118178129
CD3E-E4-F1	11	118178913	118178931
CD3E-E4-R1	11	118179373	118179392
CD3E-E5-F1	11	118182705	118182725
CD3E-E6-R1	11	118183765	118183784
CD3E-E7-F2	11	118184307	118184328
CD3E-E8-R2	11	118185339	118185358
CD3E-E9-F1	11	118186019	118186037
CD3E-E9-R2	11	118186473	118186495
CD3G-P1-F1	11	118214046	118214067
CD3G-P1-R1	11	118214579	118214599
CD3G-P2-F1	11	118214510	118214529
CD3G-P2-R1	11	118215094	118215112
CD3G-P2-F2	11	118214504	118214521
CD3G-P2-R2	11	118215123	118215145
CD3G-P2-F3	11	118214535	118214553
CD3G-P2-R3	11	118215160	118215180
CD3G-E1-F1	11	118214977	118214995
CD3G-E1-R1	11	118215440	118215459
CD3G-E2-F1	11	118219466	118219487
CD3G-E3-R1	11	118220911	118220931
CD3G-E4-F1	11	118221181	118221199
CD3G-E5-R1	11	118222570	118222593
CD3G-E6-F1	11	118222970	118222989
CD3G-E6-R1	11	118223539	118223561
CD3G-E7-F1A	11	118223643	118223663
CD3G-E7-R2	11	118224606	118224629
CD3Z-P1-F1	1	167488996	167489013
CD3Z-P1-R1	1	167488310	167488330
CD3Z-P2-F1	1	167488506	167488526
CD3Z-P2-R1	1	167487768	167487788
CD3Z-E1-F1	1	167487905	167487924
CD3Z-E1-R1	1	167487524	167487544
CD3Z-E2-F1	1	167410254	167410271
CD3Z-E2-R1	1	167409700	167409719
CD3Z-E3-F1	1	167408745	167408765
CD3Z-E4-R1	1	167407613	167407634
CD3Z-E5-F2	1	167404753	167404771
CD3Z-E5-R3	1	167404081	167404099
CD3Z-E6-F1	1	167403470	167403488
CD3Z-E6-R1	1	167402943	167402962
CD3Z-E7-F1	1	167402504	167402521
CD3Z-E7-R1	1	167401950	167401969
CD3Z-E8-F2	1	167401054	167401073
CD3Z-E8-R2	1	167400632	167400650
CD40LG-P1-F1	X	135729148	135729170
CD40LG-P1-R1	X	135729810	135729833
CD40LG-P2-F1	X	135729692	135729712
CD40LG-P2-R2	X	135730359	135730377
CD40LG-E1-F1	X	135730249	135730270
CD40LG-E1-R1	X	135730669	135730689
CD40LG-E2-F1	X	135732317	135732339
CD40LG-E2-R1	X	135732618	135732637
CD40LG-E3-F1	X	135736432	135736456
CD40LG-E3-R1	X	135736666	135736684
CD40LG-E4-F1	X	135738366	135738386
CD40LG-E4-R1	X	135738694	135738717
CD40LG-E5-F1	X	135741093	135741116
CD40LG-E5-R1	X	135741808	135741827
CD45-P1-F1	1	198607034	198607056
CD45-P1-R1	1	198607634	198607657
CD45-P2-F1	1	198607526	198607548
CD45-P2-R1	1	198608162	198608184
CD45-E1-SEQ-F1	1	198608071	198608091
CD45-E2-R1	1	198608561	198608582
CD45-E3-F1	1	198661359	198661380
CD45-E3-R1	1	198661748	198661771
CD45-E4-F1	1	198665769	198665789
CD45-E4-R1	1	198666251	198666270
CD45-E5-F1	1	198668507	198668526
CD45-E5-R1	1	198668986	198669008
CD45-E6-F1	1	198671317	198671336
CD45-E7-R2	1	198672811	198672830
CD45-E8-F1	1	198673451	198673472
CD45-E8-R1	1	198673840	198673859
CD45-E9-F1	1	198675720	198675743
CD45-E9-R1	1	198676170	198676189
CD45-E10-F1	1	198677122	198677143
CD45-E10-R3	1	198677674	198677697
CD45-E11-F1	1	198678601	198678622
CD45-E11-R1	1	198679131	198679154
CD45-E12-F1	1	198681877	198681896
CD45-E12-R1	1	198682347	198682367
CD45-E13-F1	1	198685736	198685763
CD45-E13-R1	1	198686138	198686165
CD45-E14-F1	1	198686996	198687017
CD45-E14-R1	1	198687509	198687530
CD45-E15-F1	1	198691397	198691419
CD45-E15-R1	1	198691809	198691835
CD45-E16-F1	1	198697394	198697415
CD45-E17-R2	1	198698325	198698345
CD45-E18-F4	1	198700477	198700499
CD45-E20-R1	1	198701728	198701748
CD45-E21-F1	1	198703228	198703249
CD45-E23-R1	1	198704492	198704513
CD45-E24-F1	1	198710911	198710933
CD45-E24-R1	1	198711600	198711623
CD45-E26-F1	1	198713061	198713082
CD45-E26-R1	1	198713571	198713592
CD45-E27-F1	1	198716985	198717005
CD45-E27-R1	1	198717422	198717443
CD45-E28-F1	1	198718473	198718496
CD45-E29-R1	1	198719914	198719933
CD45-E30-F1	1	198721310	198721330
CD45-E31-R1	1	198722022	198722041
CD45-E32-F2	1	198723256	198723276
CD45-E32-R1	1	198723782	198723802
CD45-E33-F1	1	198724846	198724865
CD45-E33-R2	1	198725584	198725605
CHD7-P1-F1	8	61590152	61590173
CHD7-P1-R1	8	61590805	61590822
CHD7-P2-F1	8	61590755	61590777
CHD7-P2-R1	8	61591376	61591393
CHD7-P2-F2	8	61590766	61590784
CHD7-P2-R2	8	61591154	61591176
CHD7-E1-F1	8	61591113	61591132
CHD7-E1-R1	8	61591730	61591748
CHD7-E1-F2	8	61591147	61591164
CHD7-E1-R2	8	61591894	61591912
CHD7-E2A-F1	8	61653547	61653568
CHD7-E2B-R1	8	61654744	61654763
CHD7-E2C-F2	8	61654680	61654698
CHD7-E2D-R1	8	61655883	61655902
CHD7-E3-F1	8	61693476	61693499
CHD7-E3-R1	8	61694167	61694190
CHD7-E4-F1	8	61707383	61707405
CHD7-E4-R1	8	61707810	61707833
CHD7-E5-F1	8	61712800	61712819
CHD7-E5-R1	8	61713197	61713220
CHD7-E6-F1	8	61713991	61714011
CHD7-E6-R1	8	61714479	61714503
CHD7-E7-F1	8	61720650	61720671
CHD7-E7-R1	8	61721169	61721189
CHD7-E8-F1	8	61728730	61728750
CHD7-E8-R2	8	61729178	61729201
CHD7-E9-F1	8	61732194	61732216
CHD7-E9-R2	8	61732734	61732753
CHD7-E10-F1	8	61733901	61733924
CHD7-E11-R2	8	61735003	61735026
CHD7-E12-F1	8	61734956	61734977
CHD7-E12-R1	8	61735539	61735561
CHD7-E13-F1	8	61736138	61736161
CHD7-E13-R1	8	61736740	61736764
CHD7-E14-F1	8	61741010	61741030
CHD7-E14-R1	8	61741470	61741493
CHD7-E15-F1	8	61742739	61742761
CHD7-E15-R1	8	61743298	61743319
CHD7-E16-F1	8	61748479	61748501
CHD7-E16-R1	8	61749012	61749034
CHD7-E17-F1	8	61749009	61749030
CHD7-E17-R1	8	61749799	61749821
CHD7-E18-F1	8	61750114	61750131
CHD7-E19-R1	8	61751013	61751035
CHD7-E20-E21-F1	8	61754101	61754122
CHD7-E20-E21-R1	8	61754804	61754825
CHD7-E22-E23-F1	8	61757332	61757350
CHD7-E22-E23-R1	8	61758066	61758086
CHD7-E24-F1	8	61760940	61760962
CHD7-E25-R1	8	61761992	61762013
CHD7-E26-F1	8	61762862	61762881
CHD7-E27-E28-R1	8	61763979	61764004
CHD7-E29-F1	8	61764456	61764474
CHD7-E30-R1	8	61765396	61765418
CHD7-E31A-F1	8	61765241	61765259
CHD7-E31B-R1	8	61766224	61766246
CHD7-E32-F1	8	61766778	61766799
CHD7-E32-R1	8	61767331	61767353
CHD7-E33-F1	8	61768339	61768361
CHD7-E34-R1	8	61769518	61769537
CHD7-E35-F1	8	61773286	61773305
CHD7-E35-R1	8	61773768	61773787
CHD7-E36-F1	8	61774412	61774432
CHD7-E37-R1	8	61775506	61775529
CHD7-E38A-F1	8	61777441	61777462
CHD7-E38A-R1	8	61777998	61778017
CHD7-E38B-F1	8	61777890	61777908
CHD7-E38B-R3	8	61778818	61778839
CORO-P1-F1	16	30193628	30193647
CORO-P1-R1	16	30194304	30194322
CORO-P2-F1	16	30194119	30194139
CORO-P2-R1	16	30194769	30194786
CORO-E1-F1	16	30194651	30194668
CORO-E1-R1	16	30195199	30195216
CORO-E2-F1	16	30195296	30195314
CORO-E2-R1	16	30195746	30195764
CORO-E3-F1	16	30196389	30196409
CORO-E3-R1	16	30196918	30196938
CORO-E4-E5-F1	16	30197816	30197836
CORO-E4-E5-R1	16	30198327	30198347
CORO-E6-E7-F1	16	30198237	30198254
CORO-E6-E7-R1	16	30198886	30198904
CORO-E8-E9-F1	16	30198954	30198971
CORO-E10-E11-R1	16	30199959	30199981
CORO-E12-F1	16	30199976	30199997
CORO-E12-R1	16	30200569	30200586
DKC1-P1-F1	X	153989836	153989857
DKC1-P1-R1	X	153990462	153990479
DKC1-P2-F1	X	153990355	153990374
DKC1-P2-R1	X	153990879	153990897
DKC1-E1-F1	X	153990834	153990853
DKC1-E1-R1	X	153991453	153991470
DKC1-E2-F1	X	153993006	153993023
DKC1-E2-R1	X	153993326	153993343
DKC1-E3-F1	X	153993595	153993615
DKC1-E3-R1	X	153993898	153993917
DKC1-E4-E5-F1	X	153994081	153994101
DKC1-E4-E5-R1	X	153994730	153994751
DKC1-E6-E7-F1	X	153995186	153995205
DKC1-E6-E7-R1	X	153995760	153995781
DKC1-E8-F1	X	153996486	153996505
DKC1-E8-R1	X	153996805	153996827
DKC1-E9-F1	X	153997323	153997344
DKC1-E9-R1	X	153997748	153997765
DKC1-E10-F1	X	153998901	153998924
DKC1-E10-R1	X	153999224	153999248
DKC1-E11-F1	X	154001251	154001270
DKC1-E11-R1	X	154001606	154001626
DKC1-E12-F1	X	154002776	154002797
DKC1-E12-R1	X	154003060	154003080
DKC1-E13-F1	X	154003373	154003393
DKC1-E13-R1	X	154003636	154003657
DKC1-E14-F1	X	154004366	154004385
DKC1-E14-R1	X	154004675	154004698
DKC1-E15-F1	X	154004975	154004993
DKC1-E15-R1	X	154005403	154005424
DOCK2-P1-F1	5	169063070	169063090
DOCK2-P1-R1	5	169063710	169063729
DOCK2-P2-F2	5	169063621	169063642
DOCK2-P2-R2	5	169064344	169064362
DOCK2-E1-F1	5	169064081	169064099
DOCK2-E1-R1	5	169064569	169064586
DOCK2-E2-F1	5	169081253	169081272
DOCK2-E2-R1	5	169081685	169081704
DOCK2-E3-F1	5	169096153	169096175
DOCK2-E3-R1	5	169096421	169096440
DOCK2-E4-F1	5	169097389	169097409
DOCK2-E4-R1	5	169097719	169097741
DOCK2-E5-F1	5	169097937	169097958
DOCK2-E5-R1	5	169098277	169098297
DOCK2-E6-F1	5	169101174	169101192
DOCK2-E6-R1	5	169101564	169101584
DOCK2-E7-F1	5	169108643	169108665
DOCK2-E7-R1	5	169108986	169109008
DOCK2-E8-F1	5	169111099	169111121
DOCK2-E8-R1	5	169111462	169111482
DOCK2-E9-F1	5	169116151	169116169
DOCK2-E9-R1	5	169116437	169116455
DOCK2-E10-F1	5	169122620	169122640
DOCK2-E10-R1	5	169123153	169123175
DOCK2-E11-F1	5	169125250	169125270
DOCK2-E11-R1	5	169125555	169125572
DOCK2-E12-F1	5	169126288	169126305
DOCK2-E12-R1	5	169126560	169126581
DOCK2-E13-F1	5	169126908	169126929
DOCK2-E13-R1	5	169127246	169127267
DOCK2-E14-F1	5	169129199	169129217
DOCK2-E14-R1	5	169129531	169129548
DOCK2-E15-F1	5	169135052	169135070
DOCK2-E15-R1	5	169135363	169135382
DOCK2-E16-E17-F1	5	169138834	169138856
DOCK2-E16-E17-R1	5	169139319	169139339
DOCK2-E18-E19-F1	5	169140881	169140902
DOCK2-E18-E19-R1	5	169141541	169141559
DOCK2-E20-F1	5	169143102	169143121
DOCK2-E20-R1	5	169143423	169143445
DOCK2-E21-F1	5	169144278	169144298
DOCK2-E21-R1	5	169144659	169144680
DOCK2-E22-F1	5	169145548	169145568
DOCK2-E22-R1	5	169145915	169145937
DOCK2-E23-F1	5	169174265	169174287
DOCK2-E23-R1	5	169174646	169174663
DOCK2-E24-F1	5	169186559	169186579
DOCK2-E24-R1	5	169186888	169186905
DOCK2-E25-F1	5	169188386	169188405
DOCK2-E25-R1	5	169188743	169188763
DOCK2-E26-F1	5	169229853	169229872
DOCK2-E26-R1	5	169230325	169230343
DOCK2-E27-F1	5	169267639	169267657
DOCK2-E27-R1	5	169267992	169268011
DOCK2-E28-F1	5	169409889	169409910
DOCK2-E28-R1	5	169410234	169410254
DOCK2-E29-F1	5	169412717	169412736
DOCK2-E29-R1	5	169413082	169413102
DOCK2-E30-F1	5	169422989	169423010
DOCK2-E30-R1	5	169423267	169423286
DOCK2-E31-E32-F1	5	169435392	169435411
DOCK2-E31-E32-R1	5	169435840	169435860
DOCK2-E33-F1	5	169445804	169445822
DOCK2-E33-R1	5	169446223	169446245
DOCK2-E34-F1	5	169454754	169454774
DOCK2-E34-R1	5	169455037	169455055
DOCK2-E35-F1	5	169461280	169461299
DOCK2-E35-R1	5	169461669	169461691
DOCK2-E36-F1	5	169463414	169463437
DOCK2-E36-R1	5	169463626	169463643
DOCK2-E37-F1	5	169467950	169467968
DOCK2-E37-R1	5	169468263	169468285
DOCK2-E38-F1	5	169468910	169468927
DOCK2-E38-R1	5	169469218	169469239
DOCK2-E39-F1	5	169472707	169472725
DOCK2-E39-R1	5	169473032	169473053
DOCK2-E40-F1	5	169474403	169474421
DOCK2-E40-R1	5	169474707	169474726
DOCK2-E41-F1	5	169477137	169477157
DOCK2-E41-R1	5	169477498	169477516
DOCK2-E42-F1	5	169482211	169482228
DOCK2-E42-R1	5	169482533	169482555
DOCK2-E43-F1	5	169483561	169483579
DOCK2-E43-R1	5	169483887	169483907
DOCK2-E44-F1	5	169484431	169484449
DOCK2-E44-R1	5	169484779	169484797
DOCK2-E45-F1	5	169494339	169494358
DOCK2-E45-R1	5	169494784	169494806
DOCK2-E46-F1	5	169496028	169496046
DOCK2-E46-R1	5	169496335	169496354
DOCK2-E47-F1	5	169502834	169502856
DOCK2-E47-R1	5	169503187	169503209
DOCK2-E48-F1	5	169504583	169504603
DOCK2-E48-R1	5	169504920	169504941
DOCK2-E49-F1	5	169505887	169505904
DOCK2-E49-R1	5	169506264	169506283
DOCK2-E50-F1	5	169507050	169507070
DOCK2-E50-R1	5	169507395	169507413
DOCK2-E51-F1	5	169508742	169508760
DOCK2-E51-R1	5	169509070	169509091
DOCK2-E52-F1	5	169509694	169509712
DOCK2-E52-R1	5	169510116	169510135
DOCK8-P1-F1	9	213637	213656
DOCK8-P1-R1	9	214388	214408
DOCK8-P2-F2	9	214240	214258
DOCK8-P2-R2	9	214948	214965
DOCK8-E1-F1	9	214701	214719
DOCK8-E1-R1	9	215239	215257
DOCK8-E2-F1	9	271474	271495
DOCK8-E2-R1	9	271816	271838
DOCK8-E3-F1	9	286331	286350
DOCK8-E3-R2	9	286750	286770
DOCK8-E4-F1	9	289372	289393
DOCK8-E4-R1	9	289671	289693
DOCK8-E5-F1	9	304461	304483
DOCK8-E5-R1	9	304789	304812
DOCK8-E6-F1	9	311839	311860
DOCK8-E6-R1	9	312263	312284
DOCK8-E7-F1	9	316950	316967
DOCK8-E7-R1	9	317237	317256
DOCK8-E8-F1	9	325554	325574
DOCK8-E8-R1	9	325818	325840
DOCK8-E9-F1	9	327874	327894
DOCK8-E9-R1	9	328295	328317
DOCK8-E10-F2	9	332175	332199
DOCK8-E10-R1	9	332561	332582
DOCK8-E11-F1	9	334129	334148
DOCK8-E11-R1	9	334468	334487
DOCK8-E12-F1	9	336463	336484
DOCK8-E12-R2	9	336824	336849
DOCK8-E13-F1	9	338796	338815
DOCK8-E13-R1	9	339198	339221
DOCK8-E14-F1	9	339998	340021
DOCK8-E14-R1	9	340412	340431
DOCK8-E15-F1	9	367802	367823
DOCK8-E15-R1	9	368229	368250
DOCK8-E16-F1	9	370081	370099
DOCK8-E16-R2	9	370406	370426
DOCK8-E17-F1	9	371279	371298
DOCK8-E17-R1	9	371709	371729
DOCK8-E18-F1	9	371927	371949
DOCK8-E18-R1	9	372417	372438
DOCK8-E19-F1	9	376047	376065
DOCK8-E91-R1	9	376436	376456
DOCK8-E20-F1	9	376868	376888
DOCK8-E20-R1	9	377319	377340
DOCK8-E21-F1	9	379631	379652
DOCK8-E21-R1	9	380029	380047
DOCK8-E22-F1	9	382344	382365
DOCK8-E22-R1	9	382789	382808
DOCK8-E23-F1	9	386126	386144
DOCK8-E23-R1	9	386557	386576
DOCK8-E24-F1	9	390358	390376
DOCK8-E24-R1	9	390659	390676
DOCK8-E25-F2	9	396674	396698
DOCK8-E25-R1	9	397075	397093
DOCK8-E26-F1	9	399024	399042
DOCK8-E26-R1	9	399364	399386
DOCK8-E27-F1	9	404768	404790
DOCK8-E27-R1	9	405198	405219
DOCK8-E28-F1	9	406781	406799
DOCK8-E28-R1	9	407228	407246
DOCK8-E29-F1	9	414673	414694
DOCK8-E29-R1	9	415031	415051
DOCK8-E30-F2	9	417893	417916
DOCK8-E30-R1	9	418311	418328
DOCK8-E31-F1	9	420252	420272
DOCK8-E31-R1	9	420749	420769
DOCK8-E32-F1	9	420851	420870
DOCK8-E32-R1	9	421189	421208
DOCK8-E33-F1	9	421941	421959
DOCK8-E33-R1	9	422297	422318
DOCK8-E34-F1	9	426757	426779
DOCK8-E34-R1	9	427151	427174
DOCK8-E35-F1	9	428260	428280
DOCK8-E35-R1	9	428634	428653
DOCK8-E36-F1	9	429479	429499
DOCK8-E36-R1	9	429951	429973
DOCK8-E37-F1	9	432055	432074
DOCK8-E37-R1	9	432449	432470
DOCK8-E38-F1	9	433763	433780
DOCK8-E38-R1	9	434153	434176
DOCK8-E39-F1	9	434663	434682
DOCK8-E39-R1	9	435076	435096
DOCK8-E40-F1	9	439138	439157
DOCK8-E40-R1	9	439483	439500
DOCK8-E41-F1	9	441136	441157
DOCK8-E41-R1	9	441495	441516
DOCK8-E42-F2	9	441741	441765
DOCK8-E42-R1	9	442166	442189
DOCK8-E43-F1	9	443188	443210
DOCK8-E43-R2	9	443602	443624
DOCK8-E44-F1	9	446241	446263
DOCK8-E44-R1	9	446689	446710
DOCK8-E45-F1	9	449678	449700
DOCK8-E45-R1	9	450050	450072
DOCK8-E46-F1	9	451720	451740
DOCK8-E46-R1	9	452208	452230
DOCK8-E47-F1	9	463379	463398
DOCK8-E47-R1	9	463783	463801
DOCK8-E48-F1	9	464048	464069
DOCK8-E48-R1	9	464524	464543
FOX-P1-F3	17	26849897	26849920
FOX-P1-R1	17	26850429	26850446
FOX-P2-F1	17	26850306	26850323
FOX-P2-R1	17	26850942	26850961
FOX-E1-F1	17	26850860	26850877
FOX-E2-R1	17	26852076	26852097
FOX-E3-F1	17	26853924	26853941
FOX-E3-R1	17	26854478	26854500
FOX-E4-F1	17	26855882	26855901
FOX-E4-R1	17	26856371	26856392
FOX-E5-F1	17	26857402	26857424
FOX-E5-R1	17	26857934	26857953
FOX-E6-F1	17	26861189	26861209
FOX-E6-R1	17	26861686	26861709
FOX-E7-F1	17	26861647	26861667
FOX-E7-R1	17	26862318	26862337
FOX-E8-F2	17	26864053	26864073
FOX-E8-R2	17	26864702	26864720
GATA2-P1-F1	3	128208621	128208643
GATA2-P1-R1	3	128208026	128208043
GATA2-P2-F1	3	128208076	128208093
GATA2-P2-R1	3	128207597	128207618
GATA2-E1-F2	3	128207700	128207721
GATA2-E1-R1	3	128207060	128207082
GATA2-E2-F2	3	128206879	128206897
GATA2-E2-R2	3	128206411	128206430
GATA2-E3-F1	3	128206049	128206066
GATA2-E3-R1	3	128205531	128205548
GATA2-E4-F1	3	128205304	128205322
GATA2-E4-R1	3	128204479	128204497
GATA2-E5-F1	3	128202993	128203011
GATA2-E5-R1	3	128202612	128202630
GATA2-E6-F1	3	128200873	128200892
GATA2-E6-R1	3	128200565	128200583
GATA2-E7-F1	3	128200247	128200264
GATA2-E7-R2	3	128199563	128199580
IGHM-E1-F1	14	106322471	106322490
IGHM-E1-R1	14	106321907	106321924
IGHM-E2-F1	14	106322005	106322023
IGHM-E2-R1	14	106321483	106321503
IGHM-E3-F2	14	106321417	106321434
IGHM-E3-R1	14	106320918	106320935
IGHM-E4-F2	14	106320918	106320935
IGHM-E4-R2	14	106320166	106320185
IL2RG-P1-F1	X	70332610	70332630
IL2RG-P1-R1	X	70332106	70332129
IL2RG-P2-F1	X	70332192	70332210
IL2RG-P2-R1	X	70331573	70331595
IL2-E1-F1	X	70331472	70331493
IL2-E4-R1	X	70329936	70329957
IL2-E5-F1	X	70329317	70329338
IL2-E8-R2	X	70327311	70327333
IL7RA-P1-F1	5	35855940	35855962
IL7RA-P1-R1	5	35856488	35856506
IL7RA-P2-F1	5	35856405	35856423
IL7RA-P2-R1	5	35856983	35857003
IL7RA-E1-F1	5	35856894	35856916
IL7RA-E1-R1	5	35857499	35857520
IL7RA-E2-F1	5	35860847	35860868
IL7RA-E2-R1	5	35861272	35861292
IL7RA-E3-F1	5	35867267	35867286
IL7RA-E3-R1	5	35867740	35867761
IL7RA-E4-F1	5	35870976	35870995
IL7RA-E4-R1	5	35871469	35871487
IL7RA-E5-E6-F1	5	35873367	35873389
IL7RA-E5-E6-R1	5	35874765	35874788
IL7RA-E7-E8-F1	5	35875528	35875550
IL7RA-E8-R2	5	35876877	35876897
JAK3-P1-F1	19	17959923	17959941
JAK3-P1-R1	19	17959345	17959362
JAK3-P2-F1	19	17959423	17959440
JAK3-P2-R1	19	17958855	17958875
JAK3-E1-F5	19	17958961	17958983
JAK3-E1-R5	19	17958572	17958589
JAK3-E2-F1	19	17955381	17955402
JAK3-E2-R1	19	17954953	17954974
JAK3-E3-F1	19	17954783	17954801
JAK3-E5-R2	19	17953648	17953666
JAK3-E6-SEQ-F1	19	17953563	17953581
JAK3-E6-R1	19	17952858	17952878
JAK3-E7-E8-F1	19	17952709	17952729
JAK3-E7-E8-R1	19	17951946	17951965
JAK3-E9-E10-F1	19	17951213	17951234
JAK3-E9-E10-R2	19	17950038	17950058
JAK3-E11-F1	19	17949380	17949400
JAK3-E11-R1	19	17948931	17948949
JAK3-E12-F1	19	17949033	17949052
JAK3-E12-R1	19	17948543	17948561
JAK3-E13-F1	19	17948139	17948158
JAK3-E13-R1	19	17947640	17947658
JAK3-E14-F1	19	17947005	17947023
JAK3-E14-R1	19	17946621	17946643
JAK3-E15-E17-F1	19	17946147	17946167
JAK3-E15-E17-R2	19	17945274	17945294
JAK3-E18-E19-F1	19	17943834	17943854
JAK3-E18-E19-R1	19	17943213	17943234
JAK3-E20-E21-F1	19	17942731	17942749
JAK3-E20-E21-R1	19	17941852	17941870
JAK3-E22-E23-F1	19	17941575	17941594
JAK3-E22-E23-R2	19	17940663	17940685
JAK3-E24-F1	19	17937837	17937855
JAK3-E24-R3	19	17937305	17937322
LIG4-P1-F1	13	108871789	108871808
LIG4-P1-R1	13	108871237	108871254
LIG4-P2-F1	13	108871322	108871343
LIG4-P2-R1	13	108870772	108870792
LIG4-E1-F2	13	108870910	108870928
LIG4-E1-R2	13	108870387	108870406
LIG4-E2-F1	13	108868045	108868065
LIG4-E2-R1	13	108867607	108867626
LIG4-E3-F1	13	108867420	108867440
LIG4-E3-R1	13	108866762	108866780
LIG4-E4A-F1	13	108863815	108863838
LIG4-E4B-R2	13	108862532	108862555
LIG4-E4C-F2	13	108862757	108862779
LIG4-E4D-R3	13	108861330	108861352
LIG4-E4E-F2B	13	108861557	108861580
LIG4-E4E-R2	13	108860621	108860647
MTHFD-P1-F1	14	64853969	64853988
MTHFD-P1-R1	14	64854614	64854631
MTHFD-P2-F1	14	64854493	64854510
MTHFD-P2-R1	14	64855062	64855080
MTHFD-E1-F1	14	64854937	64854959
MTHFD-E1-R1	14	64855275	64855298
MTHFD-E2-F1	14	64867382	64867399
MTHFD-E2-R1	14	64867689	64867710
MTHFD-E3-F1	14	64877660	64877679
MTHFD-E3-R1	14	64878016	64878036
MTHFD-E4-F1	14	64879080	64879100
MTHFD-E4-R1	14	64879321	64879343
MTHFD-E5-E6-F1	14	64881926	64881945
MTHFD-E5-E6-R1	14	64882558	64882577
MTHFD-E7-F1	14	64884499	64884522
MTHFD-E7-R1	14	64884826	64884847
MTHFD-E8-F1	14	64886377	64886398
MTHFD-E8-R1	14	64886753	64886774
MTHFD-E9-F1	14	64891424	64891447
MTHFD-E9-R1	14	64891804	64891827
MTHFD-E10-E11-F1	14	64892346	64892369
MTHFD-E10-E11-R1	14	64892984	64893004
MTHFD-E12-F1	14	64893907	64893927
MTHFD-E12-R1	14	64894280	64894302
MTHFD-E13-F2	14	64896751	64896774
MTHFD-E13-R2	14	64897039	64897058
MTHFD-E14-E15-F1	14	64898135	64898153
MTHFD-E14-E15-R1	14	64898723	64898742
MTHFD-E16-F1	14	64902178	64902197
MTHFD-E16-R1	14	64902472	64902492
MTHFD-E17-F1	14	64905671	64905693
MTHFD-E17-R1	14	64905988	64906007
MTHFD-E18-F2	14	64906637	64906655
MTHFD-E18-R1	14	64907181	64907207
MTHFD-E19-F1	14	64908001	64908023
MTHFD-E19-R1	14	64908253	64908273
MTHFD-E20-E21-F1	14	64908666	64908688
MTHFD-E20-E21-R1	14	64909211	64909234
MTHFD-E22-F1	14	64911301	64911320
MTHFD-E22-R1	14	64911541	64911560
MTHFD-E23-F1	14	64914826	64914846
MTHFD-E23-R1	14	64915131	64915153
MTHFD-E24-F1	14	64916067	64916087
MTHFD-E24-R1	14	64916443	64916460
MTHFD-E25-F1	14	64920305	64920328
MTHFD-E25-R1	14	64920661	64920680
MTHFD-E26-F1	14	64921282	64921306
MTHFD-E26-R1	14	64921674	64921695
MTHFD-E27-F1	14	64924837	64924856
MTHFD-E27-R1	14	64925315	64925337
MTR-P1-F1	1	236957841	236957859
MTR-P1-R1	1	236958487	236958509
MTR-P2-F1	1	236958380	236958402
MTR-P2-R1	1	236958946	236958965
MTR-E1-F1	1	236958758	236958775
MTR-E1-R1	1	236959164	236959185
MTR-E2-F1	1	236966526	236966548
MTR-E2-R1	1	236967110	236967131
MTR-E3-F1	1	236969346	236969366
MTR-E3-R1	1	236969620	236969641
MTR-E4-F1	1	236971844	236971863
MTR-E4-R1	1	236972167	236972189
MTR-E5-F1	1	236973684	236973709
MTR-E5-R1	1	236974026	236974044
MTR-E6-F2	1	236975874	236975895
MTR-E6-R3	1	236976454	236976478
MTR-E7-F1	1	236978765	236978787
MTR-E7-R1	1	236979088	236979107
MTR-E8-F2	1	236979611	236979630
MTR-E8-R2	1	236979950	236979973
MTR-E9-F1	1	236987264	236987283
MTR-E9-R1	1	236987662	236987683
MTR-E10-F1	1	236988507	236988531
MTR-E10-R1	1	236988840	236988860
MTR-E11-F1	1	236989885	236989904
MTR-E11-R1	1	236990321	236990342
MTR-E12-F1	1	236992335	236992354
MTR-E12-R1	1	236992649	236992670
MTR-E13-F1	1	236995149	236995167
MTR-E13-R1	1	236995480	236995503
MTR-E14-F1	1	236998715	236998732
MTR-E14-R1	1	236999113	236999135
MTR-E15-F1	1	237001494	237001512
MTR-E15-R1	1	237002113	237002132
MTR-E16-F1	1	237013437	237013455
MTR-E16-R1	1	237014018	237014040
MTR-E17-F1	1	237015695	237015717
MTR-E17-SEQ-R1	1	237016130	237016149
MTR-E18-SEQ-F1	1	237016014	237016031
MTR-E18-R1	1	237016530	237016552
MTR-E19-F1	1	237022999	237023019
MTR-E19-R1	1	237023304	237023324
MTR-E20-F1	1	237024319	237024341
MTR-E20-R1	1	237024672	237024694
MTR-E21-F1	1	237025417	237025440
MTR-E21-R1	1	237025727	237025747
MTR-E22-F1	1	237026629	237026649
MTR-E22-R1	1	237026947	237026967
MTR-E23-F1	1	237036947	237036968
MTR-E23-R1	1	237037234	237037253
MTR-E24-F1	1	237037892	237037913
MTR-E24-R1	1	237038289	237038309
MTR-E25-F1	1	237043931	237043952
MTR-E25-R1	1	237044244	237044263
MTR-E26-F1	1	237048287	237048309
MTR-E26-R1	1	237048668	237048690
MTR-E27-F1	1	237049431	237049453
MTR-E27-R1	1	237049760	237049782
MTR-E28-F1	1	237052354	237052373
MTR-E20-R1	1	237052795	237052817
MTR-E29-F1	1	237054328	237054348
MTR-E29-R1	1	237054724	237054743
MTR-E30-F1	1	237057537	237057556
MTR-E30-R1	1	237057936	237057958
MTR-E31-F2	1	237058541	237058559
MTR-E31-R2	1	237058951	237058975
MTR-E32-F1	1	237060176	237060198
MTR-E32-R1	1	237060512	237060535
MTR-E33-F1	1	237060744	237060767
MTR-E33-R1	1	237061277	237061299
NBN-P1-F1	8	90998155	90998178
NBN-P1-R1	8	90997430	90997447
NBN-P2-F1	8	90997579	90997597
NBN-P2-R1	8	90996965	90996984
NBN-E1-F1	8	90997144	90997165
NBN-E1-R1	8	90996604	90996623
NBN-E2-F1	8	90995259	90995280
NBN-E2-R1	8	90994777	90994795
NBN-E3-F1	8	90993863	90993884
NBN-E3-R1	8	90993451	90993468
NBN-E4-F1	8	90993271	90993293
NBN-E4-R1	8	90992814	90992835
NBN-E5-F1	8	90990716	90990734
NBN-E5-R1	8	90990355	90990376
NBN-E6-F1	8	90983710	90983732
NBN-E6-R1	8	90983241	90983259
NBN-E7-F2	8	90982915	90982936
NBN-E7-R1	8	90982453	90982472
NBN-E8-F1	8	90976882	90976899
NBN-E8-R1	8	90976534	90976555
NBN-E9-F2	8	90971171	90971195
NBN-E9-R2	8	90970782	90970804
NBN-E10-F1	8	90967924	90967943
NBN-E10-R1	8	90967363	90967384
NBN-E11-F1	8	90966069	90966091
NBN-E11-R1	8	90965363	90965387
NBN-E12-F1	8	90960263	90960282
NBN-E12-R1	8	90959921	90959943
NBN-E13-F1	8	90958745	90958767
NBN-E13-R1	8	90958121	90958144
NBN-E14-F1	8	90955678	90955699
NBN-E14-R1	8	90955339	90955360
NBN-E15-F1	8	90949399	90949417
NBN-E15-R1	8	90949140	90949162
NBN-E16-F1	8	90947932	90947952
NBN-E16-R1	8	90947489	90947511
NHEJ-P1-F1	2	220026650	220026671
NHEJ-P1-R1	2	220026002	220026022
NHEJ-P2-F1	2	220026137	220026158
NHEJ-P2-R1	2	220025613	220025632
NHEJ-E1-F1	2	220025699	220025717
NHEJ-E1-R1	2	220025128	220025149
NHEJ-E2-F1	2	220023242	220023264
NHEJ-E3-R1	2	220021806	220021827
NHEJ-E4-F1	2	220012779	220012796
NHEJ-E5-R1	2	220011189	220011208
NHEJ-E6-F1	2	219942998	219943015
NHEJ-E7-R1	2	219941785	219941806
NHEJ-E8-F1	2	219941247	219941266
NHEJ-E8-R1	2	219940793	219940812
PNP-P1-F1	14	20936280	20936297
PNP-P1-R1	14	20936865	20936886
PNP-P2-F3	14	20936628	20936645
PNP-P2-R1	14	20937453	20937475
PNP-E1-F1	14	20937346	20937365
PNP-E1-R1	14	20937805	20937822
PNP-E2-F1	14	20940362	20940382
PNP-E2-R1	14	20940723	20940746
PNP-E3-F1	14	20942525	20942547
PNP-E4-R1	14	20942804	20942824
PNP-E4-F1	14	20943195	20943217
PNP-E5-R1	14	20943493	20943515
PNP-E6-F1	14	20944401	20944422
PNP-E6-R1	14	20945080	20945101
PRKDC-P1-F2	8	48873899	48873916
PRKDC-P1-R2	8	48873331	48873352
PRKDC-P2-F1	8	48873486	48873503
PRKDC-P2-R1	8	48872804	48872822
PRKDC-E1-F1	8	48872956	48872979
PRKDC-E1-R1	8	48872421	48872444
PRKDC-E2-E3-F1	8	48867999	48868016
PRKDC-E2-E3-R1	8	48869610	48869630
PRKDC-E4-F1	8	48868620	48868643
PRKDC-E4-R1	8	48868329	48868351
PRKDC-E5-F1	8	48867106	48867128
PRKDC-E5-R1	8	48866787	48866813
PRKDC-E6-E7-F1	8	48866623	48866647
PRKDC-E6-E7-R1	8	48866014	48866035
PRKDC-E8-E9-F1	8	48856709	48856728
PRKDC-E8-E9-R1	8	48856275	48856297
PRKDC-E10-F1	8	48856011	48856034
PRKDC-E10-R1	8	48855574	48855594
PRKDC-E11-F1	8	48852456	48852480
PRKDC-E11-R1	8	48851978	48851999
PRKDC-E12-F1	8	48849225	48849243
PRKDC-E12-R1	8	48848810	48848829
PRKDC-E13-F1	8	48848577	48848602
PRKDC-E13-R1	8	48848163	48848188
PRKDC-E14-F1	8	48847708	48847728
PRKDC-E14-R1	8	48847447	48847473
PRKDC-E15-F1	8	48846737	48846759
PRKDC-E15-R1	8	48846357	48846381
PRKDC-E16-F1	8	48845842	48845865
PRKDC-E16-R1	8	48845478	48845500
PRKDC-E17-F1	8	48843469	48843487
PRKDC-E17-R2	8	48843051	48843070
PRKDC-E18-F1	8	48842666	48842689
PRKDC-E18-R1	8	48842311	48842335
PRKDC-E19-F1	8	48841829	48841853
PRKDC-E19-R1	8	48841518	48841535
PRKDC-E20-21-F1	8	48840550	48840571
PRKDC-E20-21-R1	8	48839649	48839670
PRKDC-E22-F1	8	48831111	48831130
PRKDC-E22-R1	8	48830619	48830637
PRKDC-E22-F2	8	48831141	48831162
PRKDC-E22-R2	8	48830658	48830676
PRKDC-E23-F1	8	48828072	48828092
PRKDC-E23-R1	8	48827725	48827748
PRKDC-E24-F1	8	48826705	48826727
PRKDC-E24-R1	8	48826246	48826267
PRKDC-E25-F1	8	48825203	48825229
PRKDC-E25-R1	8	48824862	48824884
PRKDC-E26-F2	8	48817698	48817720
PRKDC-E26-R2	8	48817130	48817154
PRKDC-E27-F1	8	48815502	48815526
PRKDC-E27-R1	8	48814995	48815014
PRKDC-E28-F1	8	48813095	48813117
PRKDC-E28-R1	8	48812844	48812866
PRKDC-E29-F1	8	48811204	48811230
PRKDC-E29-R1	8	48810899	48810922
PRKDC-E30-F1	8	48809912	48809938
PRKDC-E30-R1	8	48809513	48809537
PRKDC-E31-F1	8	48806055	48806078
PRKDC-E31-R1	8	48805607	48805625
PRKDC-E32-F1	8	48803220	48803243
PRKDC-E32-R1	8	48802665	48802686
PRKDC-E33-F1	8	48801858	48801877
PRKDC-E33-R1	8	48801477	48801496
PRKDC-E34-F1	8	48801330	48801350
PRKDC-E34-R1	8	48800975	48800998
PRKDC-E35-F1	8	48800352	48800374
PRKDC-E35-R1	8	48799980	48800003
PRKDC-E36-F1	8	48798823	48798845
PRKDC-E36-R2	8	48798389	48798408
PRKDC-E37-F1	8	48794800	48794826
PRKDC-E37-R1	8	48794372	48794392
PRKDC-E38-F1	8	48794142	48794164
PRKDC-E38-R1	8	48793853	48793876
PRKDC-E39-F1	8	48792293	48792319
PRKDC-E39-R1	8	48791939	48791963
PRKDC-E40-F1	8	48790540	48790566
PRKDC-E40-R1	8	48790081	48790106
PRKDC-E41-F1	8	48777486	48777511
PRKDC-E41-R1	8	48777009	48777029
PRKDC-E42-F1	8	48776248	48776271
PRKDC-E42-R1	8	48775783	48775804
PRKDC-E43-E44-F1	8	48775191	48775209
PRKDC-E43-E44-R1	8	48774493	48774513
PRKDC-E45-F1	8	48773711	48773730
PRKDC-E45-R1	8	48773233	48773256
PRKDC-E46-F1	8	48772433	48772455
PRKDC-E46-R1	8	48772067	48772088
PRKDC-E47-E48-F1	8	48771632	48771656
PRKDC-E47-E48-R1	8	48770940	48770961
PRKDC-E49-F1	8	48769968	48769989
PRKDC-E49-R1	8	48769610	48769631
PRKDC-E50-F1	8	48768043	48768062
PRKDC-E50-R1	8	48767636	48767657
PRKDC-E51-F2	8	48766907	48766927
PRKDC-E51-R1	8	48766534	48766553
PRKDC-E52-F1	8	48765500	48765521
PRKDC-E52-R1	8	48765126	48765151
PRKDC-E53-E54-F1	8	48762215	48762237
PRKDC-E53-E54-R1	8	48761609	48761631
PRKDC-E55-F1	8	48752932	48752953
PRKDC-E55-R1	8	48752473	48752493
PRKDC-E56-F1	8	48751930	48751948
PRKDC-E56-R1	8	48751589	48751614
PRKDC-E57-F1	8	48750088	48750109
PRKDC-E57-R1	8	48749578	48749599
PRKDC-E58-F1	8	48749186	48749209
PRKDC-E58-R1	8	48748758	48748779
PRKDC-E59-F1	8	48747152	48747172
PRKDC-E59-R1	8	48746647	48746670
PRKDC-E60-F1	8	48744569	48744590
PRKDC-E60-R1	8	48744276	48744295
PRKDC-E61-F1	8	48743409	48743427
PRKDC-E61-R1	8	48743020	48743041
PRKDC-E62-F1	8	48741043	48741062
PRKDC-E62-R1	8	48740623	48740646
PRKDC-E63-F1	8	48739640	48739662
PRKDC-E63-R1	8	48739061	48739083
PRKDC-E64-F2	8	48736758	48736779
PRKDC-E64-R1	8	48736319	48736340
PRKDC-E65-F1	8	48734469	48734491
PRKDC-E65-R1	8	48734044	48734064
PRKDC-E66-F1	8	48733622	48733645
PRKDC-E66-R1	8	48733103	48733127
PRKDC-E67-F1	8	48732338	48732362
PRKDC-E67-R1	8	48731761	48731781
PRKDC-E68-F1	8	48730307	48730333
PRKDC-E68-R1	8	48729870	48729890
PRKDC-E69-F1	8	48720029	48720046
PRKDC-E69-R2	8	48719588	48719613
PRKDC-E70-F1	8	48716133	48716156
PRKDC-E70-R1	8	48715712	48715734
PRKDC-E71-F1	8	48713645	48713664
PRKDC-E71-R1	8	48713216	48713237
PRKDC-E72-F1	8	48712051	48712074
PRKDC-E72-R1	8	48711602	48711621
PRKDC-E73-F1	8	48711049	48711075
PRKDC-E73-R1	8	48710695	48710717
PRKDC-E74-F1	8	48707187	48707207
PRKDC-E74-R1	8	48706621	48706644
PRKDC-E75-E76-F1	8	48701988	48702010
PRKDC-E75-E76-R1	8	48701316	48701339
PRKDC-E77-F1	8	48697970	48697993
PRKDC-E77-R1	8	48697576	48697602
PRKDC-E78-F1	8	48696585	48696602
PRKDC-E78-R1	8	48696206	48696227
PRKDC-E79-E80-F1	8	48695262	48695282
PRKDC-E79-E80-R1	8	48694589	48694609
PRKDC-E81-F1	8	48691716	48691739
PRKDC-E81-R2	8	48691457	48691482
PRKDC-E82-E83-F1	8	48691487	48691510
PRKDC-E83-R1	8	48690886	48690908
PRKDC-E84-F1	8	48690553	48690575
PRKDC-E84-R1	8	48690145	48690165
PRKDC-E85-F1	8	48689679	48689703
PRKDC-E85-R1	8	48689254	48689273
PRKDC-E86-F1	8	48687015	48687032
PRKDC-E86-R1	8	48686406	48686429
RAC2-P1-F1	22	37641527	37641548
RAC2-P1-R1	22	37640861	37640880
RAC2-P2-F1	22	37641086	37641104
RAC2-P2-R1	22	37640485	37640502
RAC2-E1-F1	22	37640609	37640627
RAC2-E1-R1	22	37640030	37640047
RAC2-E2-F1	22	37637840	37637860
RAC2-E2-R1	22	37637476	37637496
RAC2-E3-F1	22	37629054	37629075
RAC2-E3-R1	22	37628728	37628747
RAC2-E4-F1	22	37628153	37628173
RAC2-E4-R1	22	37627857	37627877
RAC2-E5-F1	22	37627542	37627560
RAC2-E5-R1	22	37627141	37627158
RAC2-E6-F2	22	37622917	37622935
RAC2-E6-R2	22	37622409	37622429
RAG1-P1-F1	11	36588456	36588473
RAG1-P1-R1	11	36589058	36589079
RAG1-P2-F1	11	36588910	36588931
RAG1-P2-R1	11	36589370	36589387
RAG1-E1-F1	11	36589250	36589269
RAG1-E1-R1	11	36589926	36589948
RAG1-E2-F1A	11	36594501	36594523
RAG1-E2D-SEQ-R3	11	36596443	36596462
RAG1-E2-F2	11	36595846	36595863
RAG1-E2-R2B	11	36597354	36597372
RAG1-E2-F3	11	36597164	36597182
RAG1-E2C-R4	11	36598237	36598255
RAG2-P1-F1	11	36620889	36620912
RAG2-P1-R1	11	36620388	36620412
RAG2-P2-F1	11	36620471	36620489
RAG2-P2-R1	11	36619872	36619893
RAG2-E1-F1	11	36620171	36620190
RAG2-E1-R1	11	36619543	36619564
RAG2-E2-F1	11	36616980	36616999
RAG2-E2-R2	11	36616139	36616160
RAG2-E3-F1A	11	36616006	36616023
RAG2-E3-R1A	11	36614623	36614645
RAG2-E3-F2	11	36614777	36614795
RAG2-E3D-R2	11	36613830	36613852
RMPR-E1-F1	9	35658142	35658160
RMPR-E1-R1	9	35657446	35657466
SLC46-P1-F1	17	26734454	26734477
SLC46-P1-R1	17	26733847	26733868
SLC46-P2-F2	17	26733945	26733963
SLC46-P2-R2	17	26733363	26733386
SLC46-E1-F1	17	26733419	26733441
SLC46-E1-R1	17	26732804	26732822
SLC46-E2A-F1	17	26732581	26732600
SLC46-E2A-R1	17	26731867	26731887
SLC46-E2B-F1	17	26732038	26732060
SLC46-E2B-R1	17	26731530	26731550
SLC46-E3-F1	17	26727894	26727915
SLC46-E3-R1	17	26727525	26727544
SLC46-E4-F1	17	26726819	26726839
SLC46-E4-R1	17	26726330	26726349
STAT5-P1-F2	17	40429535	40429552
STAT5-P1-R1	17	40428857	40428876
STAT5-P2-F1	17	40428987	40429004
STAT5-P2-R1	17	40428567	40428584
STAT5-E1-F1	17	40428708	40428727
STAT5-E1-R1	17	40427968	40427986
STAT5-E1-F2	17	40428715	40428733
STAT5-E1-R2	17	40427988	40428005
STAT5-E2-F2	17	40384203	40384228
STAT5-E2-R1	17	40383821	40383842
STAT5-E3-F1	17	40379837	40379858
STAT5-E3-R1	17	40379443	40379465
STAT5-E4-F1	17	40376978	40376996
STAT5-E4-R1	17	40376661	40376679
STAT5-E5-F1	17	40375652	40375673
STAT5-E5-R1	17	40375299	40375317
STAT5-E6-E7-F1	17	40371952	40371971
STAT5-E6-E7-R1	17	40371217	40371235
STAT5-E8-F1	17	40370980	40370999
STAT5-E8-R1	17	40370632	40370651
STAT5-E9-F1	17	40370446	40370465
STAT5-E9-R1	17	40370064	40370081
STAT5-E10-E11-F1	17	40369558	40369582
STAT5-E10-E11-R1	17	40369042	40369066
STAT5-E12-F1	17	40368240	40368264
STAT5-E12-R1	17	40367909	40367931
STAT5-E13-F1	17	40364300	40364322
STAT5-E13-R1	17	40363842	40363864
STAT5-E14-E15-F1	17	40362644	40362667
STAT5-E14-E15-R1	17	40362036	40362060
STAT5-E16-F1	17	40359831	40359851
STAT5-E16-R1	17	40359448	40359470
STAT5-E17-E18-F1	17	40354909	40354930
STAT5-E17-E18-R1	17	40354261	40354281
STAT5-E19-F1	17	40353977	40353994
STAT5-E19-R1	17	40353445	40353467
TBX1-P1-F1	22	19743045	19743064
TBX1-P1-R1	22	19743779	19743799
TBX1-P2-F1	22	19743604	19743625
TBX1-P2-R1	22	19744188	19744206
TBX1-E1-F1	22	19744079	19744098
TBX1-E1-R1	22	19744408	19744427
TBX1-E2-F1	22	19746902	19746920
TBX1-E2-R1	22	19747308	19747325
TBX1-E3-F2	22	19748399	19748417
TBX1-E3-R2	22	19748999	19749019
TBX1-E4-F1	22	19750607	19750627
TBX1-E4-R1	22	19750954	19750975
TBX1-E5-F1	22	19751555	19751575
TBX1-E5-R1	22	19751986	19752005
TBX1-E6-F1	22	19752370	19752390
TBX1-E6-R1	22	19752726	19752745
TBX1-E7-E8-F1	22	19753172	19753189
TBX1-E8-R2	22	19753818	19753836
TBX1-E9-F2	22	19753819	19753836
TBX1-E9-R1	22	19754735	19754755
WAS-P1-F2	X	48540888	48540910
WAS-P1-R2	X	48541502	48541520
WAS-P2-F1	X	48541409	48541427
WAS-P2-R1	X	48542023	48542044
WAS-E1-F1	X	48541905	48541925
WAS-E1-R1	X	48542464	48542484
WAS-E2-F1	X	48542555	48542573
WAS-E2-R1	X	48542901	48542923
WAS-E3-F1	X	48543835	48543853
WAS-E6-R1	X	48544599	48544620
WAS-E7-F1	X	48545048	48545068
WAS-E7-R1	X	48545455	48545474
WAS-E8-E9-F1	X	48546359	48546376
WAS-E8-E9-R1	X	48546940	48546961
WAS-E10-F1	X	48546944	48546964
WAS-E10-R1	X	48547537	48547555
WAS-E11-F1	X	48547572	48547594
WAS-E11-R1	X	48547898	48547918
WAS-E12-F1	X	48549387	48549406
WAS-E12-R2	X	48549854	48549872
ZAP70-P1-F2	2	98328915	98328936
ZAP70-P1-R2	2	98329518	98329535
ZAP70-P2-F1	2	98329360	98329378
ZAP70-P2-R1	2	98330007	98330026
ZAP70-E1-F1	2	98329868	98329888
ZAP70-E2-R2	2	98330569	98330586
ZAP70-E3-F1	2	98340357	98340375
ZAP70-E3-R1	2	98341012	98341032
ZAP70-E4-F2	2	98341428	98341446
ZAP70-E4-R1	2	98341854	98341874
ZAP70-E5-F2	2	98349237	98349255
ZAP70-E7-R1	2	98349887	98349904
ZAP70-E8-F1	2	98349890	98349908
ZAP70-E8-R1	2	98350264	98350282
ZAP70-E9-F1	2	98350881	98350898
ZAP70-E9-R1	2	98351430	98351448
ZAP70-E10-F1	2	98351507	98351524
ZAP70-E10-R1	2	98352087	98352107
ZAP70-E11-F2	2	98353857	98353875
ZAP70-E12-E13-R1	2	98354656	98354677
ZAP70-E14-F2	2	98355743	98355763
ZAP70-E14-R1	2	98356279	98356298
